(kicad_pcb (version 20171130) (host pcbnew "(5.1.5)-3")

  (general
    (thickness 1.6)
    (drawings 12)
    (tracks 616)
    (zones 0)
    (modules 51)
    (nets 94)
  )

  (page A4)
  (layers
    (0 F.Cu signal)
    (1 GND power)
    (2 PWR power)
    (31 B.Cu signal)
    (32 B.Adhes user hide)
    (33 F.Adhes user hide)
    (34 B.Paste user hide)
    (35 F.Paste user hide)
    (36 B.SilkS user)
    (37 F.SilkS user)
    (38 B.Mask user)
    (39 F.Mask user)
    (40 Dwgs.User user)
    (41 Cmts.User user)
    (42 Eco1.User user hide)
    (43 Eco2.User user hide)
    (44 Edge.Cuts user)
    (45 Margin user)
    (46 B.CrtYd user)
    (47 F.CrtYd user)
    (48 B.Fab user hide)
    (49 F.Fab user hide)
  )

  (setup
    (last_trace_width 0.25)
    (user_trace_width 0.35)
    (user_trace_width 0.5)
    (user_trace_width 1)
    (trace_clearance 0.15)
    (zone_clearance 0.3)
    (zone_45_only no)
    (trace_min 0.2)
    (via_size 0.6)
    (via_drill 0.3)
    (via_min_size 0.4)
    (via_min_drill 0.3)
    (uvia_size 0.3)
    (uvia_drill 0.2)
    (uvias_allowed no)
    (uvia_min_size 0.3)
    (uvia_min_drill 0.2)
    (edge_width 0.05)
    (segment_width 0.2)
    (pcb_text_width 0.3)
    (pcb_text_size 1.5 1.5)
    (mod_edge_width 0.12)
    (mod_text_size 0.5 0.5)
    (mod_text_width 0.1)
    (pad_size 2.2 2.2)
    (pad_drill 0)
    (pad_to_mask_clearance 0.051)
    (solder_mask_min_width 0.25)
    (aux_axis_origin 0 0)
    (visible_elements 7FFFFFFF)
    (pcbplotparams
      (layerselection 0x010fc_ffffffff)
      (usegerberextensions false)
      (usegerberattributes false)
      (usegerberadvancedattributes false)
      (creategerberjobfile false)
      (excludeedgelayer true)
      (linewidth 0.100000)
      (plotframeref false)
      (viasonmask false)
      (mode 1)
      (useauxorigin false)
      (hpglpennumber 1)
      (hpglpenspeed 20)
      (hpglpendiameter 15.000000)
      (psnegative false)
      (psa4output false)
      (plotreference true)
      (plotvalue true)
      (plotinvisibletext false)
      (padsonsilk false)
      (subtractmaskfromsilk false)
      (outputformat 1)
      (mirror false)
      (drillshape 1)
      (scaleselection 1)
      (outputdirectory ""))
  )

  (net 0 "")
  (net 1 GND)
  (net 2 +5V)
  (net 3 +BATT)
  (net 4 +3V3)
  (net 5 "Net-(CARD1-Pad1)")
  (net 6 4)
  (net 7 23)
  (net 8 18)
  (net 9 19)
  (net 10 "Net-(CARD1-Pad8)")
  (net 11 D-)
  (net 12 D+)
  (net 13 "Net-(J1-Pad4)")
  (net 14 SDA)
  (net 15 SCL)
  (net 16 12)
  (net 17 13)
  (net 18 14)
  (net 19 15)
  (net 20 RTS)
  (net 21 DTR)
  (net 22 0)
  (net 23 "Net-(U4-Pad4)")
  (net 24 "Net-(U4-Pad5)")
  (net 25 "Net-(U4-Pad6)")
  (net 26 "Net-(U4-Pad17)")
  (net 27 "Net-(U4-Pad9)")
  (net 28 ACC_INT)
  (net 29 "Net-(U4-Pad22)")
  (net 30 "Net-(U4-Pad21)")
  (net 31 "Net-(U4-Pad19)")
  (net 32 "Net-(U5-Pad5)")
  (net 33 "Net-(U5-Pad6)")
  (net 34 RX0)
  (net 35 TX0)
  (net 36 "Net-(U7-Pad7)")
  (net 37 "Net-(U7-Pad8)")
  (net 38 "Net-(D2-Pad1)")
  (net 39 "Net-(D2-Pad2)")
  (net 40 "Net-(R2-Pad1)")
  (net 41 "Net-(U7-Pad9)")
  (net 42 "Net-(U7-Pad10)")
  (net 43 "Net-(U7-Pad11)")
  (net 44 "Net-(U7-Pad12)")
  (net 45 "Net-(U7-Pad15)")
  (net 46 "Net-(D3-Pad2)")
  (net 47 5)
  (net 48 26)
  (net 49 27)
  (net 50 "Net-(C11-Pad1)")
  (net 51 RESET)
  (net 52 "Net-(RESET1-Pad2)")
  (net 53 "Net-(RESET1-Pad3)")
  (net 54 35)
  (net 55 "Net-(D4-Pad2)")
  (net 56 "Net-(SW1-Pad1)")
  (net 57 "Net-(J1-Pad6)")
  (net 58 "Net-(U6-Pad30)")
  (net 59 "Net-(U6-Pad28)")
  (net 60 "Net-(U6-Pad24)")
  (net 61 "Net-(U6-Pad23)")
  (net 62 "Net-(U6-Pad20)")
  (net 63 "Net-(U6-Pad16)")
  (net 64 "Net-(U6-Pad2)")
  (net 65 RX2)
  (net 66 TX2)
  (net 67 "Net-(U3-Pad4)")
  (net 68 ANT1)
  (net 69 ANT2)
  (net 70 "Net-(C2-Pad2)")
  (net 71 "Net-(C9-Pad1)")
  (net 72 "Net-(C14-Pad1)")
  (net 73 "Net-(R7-Pad1)")
  (net 74 "Net-(R15-Pad1)")
  (net 75 "Net-(U2-Pad4)")
  (net 76 "Net-(U3-Pad3)")
  (net 77 "Net-(U3-Pad5)")
  (net 78 "Net-(U3-Pad6)")
  (net 79 "Net-(U3-Pad2)")
  (net 80 "Net-(U3-Pad16)")
  (net 81 "Net-(U3-Pad17)")
  (net 82 "Net-(U3-Pad15)")
  (net 83 "Net-(U3-Pad14)")
  (net 84 "Net-(U3-Pad7)")
  (net 85 "Net-(U3-Pad22)")
  (net 86 "Net-(U3-Pad21)")
  (net 87 "Net-(U3-Pad19)")
  (net 88 "Net-(U4-Pad8)")
  (net 89 "Net-(U4-Pad18)")
  (net 90 "Net-(U4-Pad20)")
  (net 91 "Net-(U4-Pad32)")
  (net 92 "Net-(U5-Pad7)")
  (net 93 "Net-(U4-Pad24)")

  (net_class Default "This is the default net class."
    (clearance 0.15)
    (trace_width 0.25)
    (via_dia 0.6)
    (via_drill 0.3)
    (uvia_dia 0.3)
    (uvia_drill 0.2)
    (add_net +3V3)
    (add_net +5V)
    (add_net +BATT)
    (add_net 0)
    (add_net 12)
    (add_net 13)
    (add_net 14)
    (add_net 15)
    (add_net 18)
    (add_net 19)
    (add_net 23)
    (add_net 26)
    (add_net 27)
    (add_net 35)
    (add_net 4)
    (add_net 5)
    (add_net ACC_INT)
    (add_net ANT1)
    (add_net ANT2)
    (add_net D+)
    (add_net D-)
    (add_net DTR)
    (add_net GND)
    (add_net "Net-(C11-Pad1)")
    (add_net "Net-(C14-Pad1)")
    (add_net "Net-(C2-Pad2)")
    (add_net "Net-(C9-Pad1)")
    (add_net "Net-(CARD1-Pad1)")
    (add_net "Net-(CARD1-Pad8)")
    (add_net "Net-(D2-Pad1)")
    (add_net "Net-(D2-Pad2)")
    (add_net "Net-(D3-Pad2)")
    (add_net "Net-(D4-Pad2)")
    (add_net "Net-(J1-Pad4)")
    (add_net "Net-(J1-Pad6)")
    (add_net "Net-(R15-Pad1)")
    (add_net "Net-(R2-Pad1)")
    (add_net "Net-(R7-Pad1)")
    (add_net "Net-(RESET1-Pad2)")
    (add_net "Net-(RESET1-Pad3)")
    (add_net "Net-(SW1-Pad1)")
    (add_net "Net-(U2-Pad4)")
    (add_net "Net-(U3-Pad14)")
    (add_net "Net-(U3-Pad15)")
    (add_net "Net-(U3-Pad16)")
    (add_net "Net-(U3-Pad17)")
    (add_net "Net-(U3-Pad19)")
    (add_net "Net-(U3-Pad2)")
    (add_net "Net-(U3-Pad21)")
    (add_net "Net-(U3-Pad22)")
    (add_net "Net-(U3-Pad3)")
    (add_net "Net-(U3-Pad4)")
    (add_net "Net-(U3-Pad5)")
    (add_net "Net-(U3-Pad6)")
    (add_net "Net-(U3-Pad7)")
    (add_net "Net-(U4-Pad17)")
    (add_net "Net-(U4-Pad18)")
    (add_net "Net-(U4-Pad19)")
    (add_net "Net-(U4-Pad20)")
    (add_net "Net-(U4-Pad21)")
    (add_net "Net-(U4-Pad22)")
    (add_net "Net-(U4-Pad24)")
    (add_net "Net-(U4-Pad32)")
    (add_net "Net-(U4-Pad4)")
    (add_net "Net-(U4-Pad5)")
    (add_net "Net-(U4-Pad6)")
    (add_net "Net-(U4-Pad8)")
    (add_net "Net-(U4-Pad9)")
    (add_net "Net-(U5-Pad5)")
    (add_net "Net-(U5-Pad6)")
    (add_net "Net-(U5-Pad7)")
    (add_net "Net-(U6-Pad16)")
    (add_net "Net-(U6-Pad2)")
    (add_net "Net-(U6-Pad20)")
    (add_net "Net-(U6-Pad23)")
    (add_net "Net-(U6-Pad24)")
    (add_net "Net-(U6-Pad28)")
    (add_net "Net-(U6-Pad30)")
    (add_net "Net-(U7-Pad10)")
    (add_net "Net-(U7-Pad11)")
    (add_net "Net-(U7-Pad12)")
    (add_net "Net-(U7-Pad15)")
    (add_net "Net-(U7-Pad7)")
    (add_net "Net-(U7-Pad8)")
    (add_net "Net-(U7-Pad9)")
    (add_net RESET)
    (add_net RTS)
    (add_net RX0)
    (add_net RX2)
    (add_net SCL)
    (add_net SDA)
    (add_net TX0)
    (add_net TX2)
  )

  (module TestPoint:TestPoint_Pad_D1.0mm (layer B.Cu) (tedit 5A0F774F) (tstamp 5F77457D)
    (at 75 66.6)
    (descr "SMD pad as test Point, diameter 1.0mm")
    (tags "test point SMD pad")
    (path /5F807976)
    (attr virtual)
    (fp_text reference - (at -1.7 0) (layer B.SilkS)
      (effects (font (size 1 1) (thickness 0.25)) (justify mirror))
    )
    (fp_text value - (at 0 -1.55) (layer B.Fab)
      (effects (font (size 1 1) (thickness 0.15)) (justify mirror))
    )
    (fp_circle (center 0 0) (end 0 -0.7) (layer B.SilkS) (width 0.12))
    (fp_circle (center 0 0) (end 1 0) (layer B.CrtYd) (width 0.05))
    (fp_text user %R (at 0 1.45) (layer B.Fab)
      (effects (font (size 1 1) (thickness 0.15)) (justify mirror))
    )
    (pad 1 smd circle (at 0 0) (size 1 1) (layers B.Cu B.Mask)
      (net 1 GND))
  )

  (module TestPoint:TestPoint_Pad_D1.0mm (layer B.Cu) (tedit 5A0F774F) (tstamp 5F757FE7)
    (at 75 62.1)
    (descr "SMD pad as test Point, diameter 1.0mm")
    (tags "test point SMD pad")
    (path /5F808F0F)
    (attr virtual)
    (fp_text reference + (at -1.7 0) (layer B.SilkS)
      (effects (font (size 1 1) (thickness 0.25)) (justify mirror))
    )
    (fp_text value + (at 0 -1.55) (layer B.Fab)
      (effects (font (size 1 1) (thickness 0.15)) (justify mirror))
    )
    (fp_circle (center 0 0) (end 0 -0.7) (layer B.SilkS) (width 0.12))
    (fp_circle (center 0 0) (end 1 0) (layer B.CrtYd) (width 0.05))
    (fp_text user %R (at 0 1.45) (layer B.Fab)
      (effects (font (size 1 1) (thickness 0.15)) (justify mirror))
    )
    (pad 1 smd circle (at 0 0) (size 1 1) (layers B.Cu B.Mask)
      (net 3 +BATT))
  )

  (module Capacitor_SMD:C_0603_1608Metric (layer F.Cu) (tedit 5B301BBE) (tstamp 5F71DEEC)
    (at 75.5 55.35 270)
    (descr "Capacitor SMD 0603 (1608 Metric), square (rectangular) end terminal, IPC_7351 nominal, (Body size source: http://www.tortai-tech.com/upload/download/2011102023233369053.pdf), generated with kicad-footprint-generator")
    (tags capacitor)
    (path /5E32223A)
    (attr smd)
    (fp_text reference C1 (at -1.75 1.1 180) (layer F.SilkS)
      (effects (font (size 0.5 0.5) (thickness 0.1)))
    )
    (fp_text value 4.7yF (at 0 1.43 90) (layer F.Fab)
      (effects (font (size 1 1) (thickness 0.15)))
    )
    (fp_line (start -0.8 0.4) (end -0.8 -0.4) (layer F.Fab) (width 0.1))
    (fp_line (start -0.8 -0.4) (end 0.8 -0.4) (layer F.Fab) (width 0.1))
    (fp_line (start 0.8 -0.4) (end 0.8 0.4) (layer F.Fab) (width 0.1))
    (fp_line (start 0.8 0.4) (end -0.8 0.4) (layer F.Fab) (width 0.1))
    (fp_line (start -0.162779 -0.51) (end 0.162779 -0.51) (layer F.SilkS) (width 0.12))
    (fp_line (start -0.162779 0.51) (end 0.162779 0.51) (layer F.SilkS) (width 0.12))
    (fp_line (start -1.48 0.73) (end -1.48 -0.73) (layer F.CrtYd) (width 0.05))
    (fp_line (start -1.48 -0.73) (end 1.48 -0.73) (layer F.CrtYd) (width 0.05))
    (fp_line (start 1.48 -0.73) (end 1.48 0.73) (layer F.CrtYd) (width 0.05))
    (fp_line (start 1.48 0.73) (end -1.48 0.73) (layer F.CrtYd) (width 0.05))
    (fp_text user %R (at 0 0 90) (layer F.Fab)
      (effects (font (size 1 1) (thickness 0.15)))
    )
    (pad 1 smd roundrect (at -0.7875 0 270) (size 0.875 0.95) (layers F.Cu F.Paste F.Mask) (roundrect_rratio 0.25)
      (net 1 GND))
    (pad 2 smd roundrect (at 0.7875 0 270) (size 0.875 0.95) (layers F.Cu F.Paste F.Mask) (roundrect_rratio 0.25)
      (net 2 +5V))
    (model ${KISYS3DMOD}/Capacitor_SMD.3dshapes/C_0603_1608Metric.wrl
      (at (xyz 0 0 0))
      (scale (xyz 1 1 1))
      (rotate (xyz 0 0 0))
    )
  )

  (module Capacitor_SMD:C_0603_1608Metric (layer F.Cu) (tedit 5B301BBE) (tstamp 5F71DEFD)
    (at 77.7 61.2)
    (descr "Capacitor SMD 0603 (1608 Metric), square (rectangular) end terminal, IPC_7351 nominal, (Body size source: http://www.tortai-tech.com/upload/download/2011102023233369053.pdf), generated with kicad-footprint-generator")
    (tags capacitor)
    (path /5E320DA1)
    (attr smd)
    (fp_text reference C3 (at 2.9 0) (layer F.SilkS)
      (effects (font (size 0.5 0.5) (thickness 0.1)))
    )
    (fp_text value 4.7yF (at 0 1.43) (layer F.Fab)
      (effects (font (size 1 1) (thickness 0.15)))
    )
    (fp_text user %R (at 0 0) (layer F.Fab)
      (effects (font (size 1 1) (thickness 0.15)))
    )
    (fp_line (start 1.48 0.73) (end -1.48 0.73) (layer F.CrtYd) (width 0.05))
    (fp_line (start 1.48 -0.73) (end 1.48 0.73) (layer F.CrtYd) (width 0.05))
    (fp_line (start -1.48 -0.73) (end 1.48 -0.73) (layer F.CrtYd) (width 0.05))
    (fp_line (start -1.48 0.73) (end -1.48 -0.73) (layer F.CrtYd) (width 0.05))
    (fp_line (start -0.162779 0.51) (end 0.162779 0.51) (layer F.SilkS) (width 0.12))
    (fp_line (start -0.162779 -0.51) (end 0.162779 -0.51) (layer F.SilkS) (width 0.12))
    (fp_line (start 0.8 0.4) (end -0.8 0.4) (layer F.Fab) (width 0.1))
    (fp_line (start 0.8 -0.4) (end 0.8 0.4) (layer F.Fab) (width 0.1))
    (fp_line (start -0.8 -0.4) (end 0.8 -0.4) (layer F.Fab) (width 0.1))
    (fp_line (start -0.8 0.4) (end -0.8 -0.4) (layer F.Fab) (width 0.1))
    (pad 2 smd roundrect (at 0.7875 0) (size 0.875 0.95) (layers F.Cu F.Paste F.Mask) (roundrect_rratio 0.25)
      (net 3 +BATT))
    (pad 1 smd roundrect (at -0.7875 0) (size 0.875 0.95) (layers F.Cu F.Paste F.Mask) (roundrect_rratio 0.25)
      (net 1 GND))
    (model ${KISYS3DMOD}/Capacitor_SMD.3dshapes/C_0603_1608Metric.wrl
      (at (xyz 0 0 0))
      (scale (xyz 1 1 1))
      (rotate (xyz 0 0 0))
    )
  )

  (module Capacitor_SMD:C_0603_1608Metric (layer F.Cu) (tedit 5B301BBE) (tstamp 5F71DF0E)
    (at 69.95 55.4 270)
    (descr "Capacitor SMD 0603 (1608 Metric), square (rectangular) end terminal, IPC_7351 nominal, (Body size source: http://www.tortai-tech.com/upload/download/2011102023233369053.pdf), generated with kicad-footprint-generator")
    (tags capacitor)
    (path /5F5D6662)
    (attr smd)
    (fp_text reference C2 (at 0 1.55 180) (layer F.SilkS)
      (effects (font (size 0.5 0.5) (thickness 0.1)))
    )
    (fp_text value 1yF (at 0 1.43 90) (layer F.Fab)
      (effects (font (size 1 1) (thickness 0.15)))
    )
    (fp_line (start -0.8 0.4) (end -0.8 -0.4) (layer F.Fab) (width 0.1))
    (fp_line (start -0.8 -0.4) (end 0.8 -0.4) (layer F.Fab) (width 0.1))
    (fp_line (start 0.8 -0.4) (end 0.8 0.4) (layer F.Fab) (width 0.1))
    (fp_line (start 0.8 0.4) (end -0.8 0.4) (layer F.Fab) (width 0.1))
    (fp_line (start -0.162779 -0.51) (end 0.162779 -0.51) (layer F.SilkS) (width 0.12))
    (fp_line (start -0.162779 0.51) (end 0.162779 0.51) (layer F.SilkS) (width 0.12))
    (fp_line (start -1.48 0.73) (end -1.48 -0.73) (layer F.CrtYd) (width 0.05))
    (fp_line (start -1.48 -0.73) (end 1.48 -0.73) (layer F.CrtYd) (width 0.05))
    (fp_line (start 1.48 -0.73) (end 1.48 0.73) (layer F.CrtYd) (width 0.05))
    (fp_line (start 1.48 0.73) (end -1.48 0.73) (layer F.CrtYd) (width 0.05))
    (fp_text user %R (at 0 0 90) (layer F.Fab)
      (effects (font (size 1 1) (thickness 0.15)))
    )
    (pad 1 smd roundrect (at -0.7875 0 270) (size 0.875 0.95) (layers F.Cu F.Paste F.Mask) (roundrect_rratio 0.25)
      (net 1 GND))
    (pad 2 smd roundrect (at 0.7875 0 270) (size 0.875 0.95) (layers F.Cu F.Paste F.Mask) (roundrect_rratio 0.25)
      (net 70 "Net-(C2-Pad2)"))
    (model ${KISYS3DMOD}/Capacitor_SMD.3dshapes/C_0603_1608Metric.wrl
      (at (xyz 0 0 0))
      (scale (xyz 1 1 1))
      (rotate (xyz 0 0 0))
    )
  )

  (module Capacitor_SMD:C_0603_1608Metric (layer F.Cu) (tedit 5B301BBE) (tstamp 5F71DF1F)
    (at 71.2 62.3 90)
    (descr "Capacitor SMD 0603 (1608 Metric), square (rectangular) end terminal, IPC_7351 nominal, (Body size source: http://www.tortai-tech.com/upload/download/2011102023233369053.pdf), generated with kicad-footprint-generator")
    (tags capacitor)
    (path /5F5F467E)
    (attr smd)
    (fp_text reference C4 (at -1.8 0 180) (layer F.SilkS)
      (effects (font (size 0.5 0.5) (thickness 0.1)))
    )
    (fp_text value 1yF (at 0 1.43 90) (layer F.Fab)
      (effects (font (size 1 1) (thickness 0.15)))
    )
    (fp_text user %R (at 0 0 90) (layer F.Fab)
      (effects (font (size 1 1) (thickness 0.15)))
    )
    (fp_line (start 1.48 0.73) (end -1.48 0.73) (layer F.CrtYd) (width 0.05))
    (fp_line (start 1.48 -0.73) (end 1.48 0.73) (layer F.CrtYd) (width 0.05))
    (fp_line (start -1.48 -0.73) (end 1.48 -0.73) (layer F.CrtYd) (width 0.05))
    (fp_line (start -1.48 0.73) (end -1.48 -0.73) (layer F.CrtYd) (width 0.05))
    (fp_line (start -0.162779 0.51) (end 0.162779 0.51) (layer F.SilkS) (width 0.12))
    (fp_line (start -0.162779 -0.51) (end 0.162779 -0.51) (layer F.SilkS) (width 0.12))
    (fp_line (start 0.8 0.4) (end -0.8 0.4) (layer F.Fab) (width 0.1))
    (fp_line (start 0.8 -0.4) (end 0.8 0.4) (layer F.Fab) (width 0.1))
    (fp_line (start -0.8 -0.4) (end 0.8 -0.4) (layer F.Fab) (width 0.1))
    (fp_line (start -0.8 0.4) (end -0.8 -0.4) (layer F.Fab) (width 0.1))
    (pad 2 smd roundrect (at 0.7875 0 90) (size 0.875 0.95) (layers F.Cu F.Paste F.Mask) (roundrect_rratio 0.25)
      (net 4 +3V3))
    (pad 1 smd roundrect (at -0.7875 0 90) (size 0.875 0.95) (layers F.Cu F.Paste F.Mask) (roundrect_rratio 0.25)
      (net 1 GND))
    (model ${KISYS3DMOD}/Capacitor_SMD.3dshapes/C_0603_1608Metric.wrl
      (at (xyz 0 0 0))
      (scale (xyz 1 1 1))
      (rotate (xyz 0 0 0))
    )
  )

  (module Capacitor_SMD:C_0603_1608Metric (layer F.Cu) (tedit 5B301BBE) (tstamp 5F71DF30)
    (at 69.6 62.3 90)
    (descr "Capacitor SMD 0603 (1608 Metric), square (rectangular) end terminal, IPC_7351 nominal, (Body size source: http://www.tortai-tech.com/upload/download/2011102023233369053.pdf), generated with kicad-footprint-generator")
    (tags capacitor)
    (path /5F70EA42)
    (attr smd)
    (fp_text reference C6 (at -1.8 0.05 180) (layer F.SilkS)
      (effects (font (size 0.5 0.5) (thickness 0.1)))
    )
    (fp_text value 10yF (at 0 1.43 90) (layer F.Fab)
      (effects (font (size 1 1) (thickness 0.15)))
    )
    (fp_line (start -0.8 0.4) (end -0.8 -0.4) (layer F.Fab) (width 0.1))
    (fp_line (start -0.8 -0.4) (end 0.8 -0.4) (layer F.Fab) (width 0.1))
    (fp_line (start 0.8 -0.4) (end 0.8 0.4) (layer F.Fab) (width 0.1))
    (fp_line (start 0.8 0.4) (end -0.8 0.4) (layer F.Fab) (width 0.1))
    (fp_line (start -0.162779 -0.51) (end 0.162779 -0.51) (layer F.SilkS) (width 0.12))
    (fp_line (start -0.162779 0.51) (end 0.162779 0.51) (layer F.SilkS) (width 0.12))
    (fp_line (start -1.48 0.73) (end -1.48 -0.73) (layer F.CrtYd) (width 0.05))
    (fp_line (start -1.48 -0.73) (end 1.48 -0.73) (layer F.CrtYd) (width 0.05))
    (fp_line (start 1.48 -0.73) (end 1.48 0.73) (layer F.CrtYd) (width 0.05))
    (fp_line (start 1.48 0.73) (end -1.48 0.73) (layer F.CrtYd) (width 0.05))
    (fp_text user %R (at 0 0 90) (layer F.Fab)
      (effects (font (size 1 1) (thickness 0.15)))
    )
    (pad 1 smd roundrect (at -0.7875 0 90) (size 0.875 0.95) (layers F.Cu F.Paste F.Mask) (roundrect_rratio 0.25)
      (net 1 GND))
    (pad 2 smd roundrect (at 0.7875 0 90) (size 0.875 0.95) (layers F.Cu F.Paste F.Mask) (roundrect_rratio 0.25)
      (net 4 +3V3))
    (model ${KISYS3DMOD}/Capacitor_SMD.3dshapes/C_0603_1608Metric.wrl
      (at (xyz 0 0 0))
      (scale (xyz 1 1 1))
      (rotate (xyz 0 0 0))
    )
  )

  (module Capacitor_SMD:C_0603_1608Metric (layer F.Cu) (tedit 5B301BBE) (tstamp 5F73CEAA)
    (at 75.85 89.25 90)
    (descr "Capacitor SMD 0603 (1608 Metric), square (rectangular) end terminal, IPC_7351 nominal, (Body size source: http://www.tortai-tech.com/upload/download/2011102023233369053.pdf), generated with kicad-footprint-generator")
    (tags capacitor)
    (path /5F1D1B83)
    (attr smd)
    (fp_text reference C5 (at -1.75 0.25 180) (layer F.SilkS)
      (effects (font (size 0.5 0.5) (thickness 0.1)))
    )
    (fp_text value 100nF (at 0 1.43 90) (layer F.Fab)
      (effects (font (size 1 1) (thickness 0.15)))
    )
    (fp_line (start -0.8 0.4) (end -0.8 -0.4) (layer F.Fab) (width 0.1))
    (fp_line (start -0.8 -0.4) (end 0.8 -0.4) (layer F.Fab) (width 0.1))
    (fp_line (start 0.8 -0.4) (end 0.8 0.4) (layer F.Fab) (width 0.1))
    (fp_line (start 0.8 0.4) (end -0.8 0.4) (layer F.Fab) (width 0.1))
    (fp_line (start -0.162779 -0.51) (end 0.162779 -0.51) (layer F.SilkS) (width 0.12))
    (fp_line (start -0.162779 0.51) (end 0.162779 0.51) (layer F.SilkS) (width 0.12))
    (fp_line (start -1.48 0.73) (end -1.48 -0.73) (layer F.CrtYd) (width 0.05))
    (fp_line (start -1.48 -0.73) (end 1.48 -0.73) (layer F.CrtYd) (width 0.05))
    (fp_line (start 1.48 -0.73) (end 1.48 0.73) (layer F.CrtYd) (width 0.05))
    (fp_line (start 1.48 0.73) (end -1.48 0.73) (layer F.CrtYd) (width 0.05))
    (fp_text user %R (at 0 0 90) (layer F.Fab)
      (effects (font (size 1 1) (thickness 0.15)))
    )
    (pad 1 smd roundrect (at -0.7875 0 90) (size 0.875 0.95) (layers F.Cu F.Paste F.Mask) (roundrect_rratio 0.25)
      (net 51 RESET))
    (pad 2 smd roundrect (at 0.7875 0 90) (size 0.875 0.95) (layers F.Cu F.Paste F.Mask) (roundrect_rratio 0.25)
      (net 1 GND))
    (model ${KISYS3DMOD}/Capacitor_SMD.3dshapes/C_0603_1608Metric.wrl
      (at (xyz 0 0 0))
      (scale (xyz 1 1 1))
      (rotate (xyz 0 0 0))
    )
  )

  (module Capacitor_SMD:C_0603_1608Metric (layer F.Cu) (tedit 5B301BBE) (tstamp 5F73CE7A)
    (at 76.4 86.45)
    (descr "Capacitor SMD 0603 (1608 Metric), square (rectangular) end terminal, IPC_7351 nominal, (Body size source: http://www.tortai-tech.com/upload/download/2011102023233369053.pdf), generated with kicad-footprint-generator")
    (tags capacitor)
    (path /5E46FA76)
    (attr smd)
    (fp_text reference C7 (at 0 -1.43) (layer F.SilkS)
      (effects (font (size 0.5 0.5) (thickness 0.1)))
    )
    (fp_text value 0.1yF (at 0 1.43) (layer F.Fab)
      (effects (font (size 1 1) (thickness 0.15)))
    )
    (fp_text user %R (at 0 0) (layer F.Fab)
      (effects (font (size 1 1) (thickness 0.15)))
    )
    (fp_line (start 1.48 0.73) (end -1.48 0.73) (layer F.CrtYd) (width 0.05))
    (fp_line (start 1.48 -0.73) (end 1.48 0.73) (layer F.CrtYd) (width 0.05))
    (fp_line (start -1.48 -0.73) (end 1.48 -0.73) (layer F.CrtYd) (width 0.05))
    (fp_line (start -1.48 0.73) (end -1.48 -0.73) (layer F.CrtYd) (width 0.05))
    (fp_line (start -0.162779 0.51) (end 0.162779 0.51) (layer F.SilkS) (width 0.12))
    (fp_line (start -0.162779 -0.51) (end 0.162779 -0.51) (layer F.SilkS) (width 0.12))
    (fp_line (start 0.8 0.4) (end -0.8 0.4) (layer F.Fab) (width 0.1))
    (fp_line (start 0.8 -0.4) (end 0.8 0.4) (layer F.Fab) (width 0.1))
    (fp_line (start -0.8 -0.4) (end 0.8 -0.4) (layer F.Fab) (width 0.1))
    (fp_line (start -0.8 0.4) (end -0.8 -0.4) (layer F.Fab) (width 0.1))
    (pad 2 smd roundrect (at 0.7875 0) (size 0.875 0.95) (layers F.Cu F.Paste F.Mask) (roundrect_rratio 0.25)
      (net 1 GND))
    (pad 1 smd roundrect (at -0.7875 0) (size 0.875 0.95) (layers F.Cu F.Paste F.Mask) (roundrect_rratio 0.25)
      (net 4 +3V3))
    (model ${KISYS3DMOD}/Capacitor_SMD.3dshapes/C_0603_1608Metric.wrl
      (at (xyz 0 0 0))
      (scale (xyz 1 1 1))
      (rotate (xyz 0 0 0))
    )
  )

  (module Capacitor_SMD:C_0603_1608Metric (layer F.Cu) (tedit 5B301BBE) (tstamp 5F7E02A2)
    (at 68.3 81.05)
    (descr "Capacitor SMD 0603 (1608 Metric), square (rectangular) end terminal, IPC_7351 nominal, (Body size source: http://www.tortai-tech.com/upload/download/2011102023233369053.pdf), generated with kicad-footprint-generator")
    (tags capacitor)
    (path /5E42F2B5)
    (attr smd)
    (fp_text reference C8 (at 0.8 -0.85) (layer F.SilkS)
      (effects (font (size 0.5 0.5) (thickness 0.1)))
    )
    (fp_text value 10nF (at 0 1.43) (layer F.Fab)
      (effects (font (size 1 1) (thickness 0.15)))
    )
    (fp_line (start -0.8 0.4) (end -0.8 -0.4) (layer F.Fab) (width 0.1))
    (fp_line (start -0.8 -0.4) (end 0.8 -0.4) (layer F.Fab) (width 0.1))
    (fp_line (start 0.8 -0.4) (end 0.8 0.4) (layer F.Fab) (width 0.1))
    (fp_line (start 0.8 0.4) (end -0.8 0.4) (layer F.Fab) (width 0.1))
    (fp_line (start -0.162779 -0.51) (end 0.162779 -0.51) (layer F.SilkS) (width 0.12))
    (fp_line (start -0.162779 0.51) (end 0.162779 0.51) (layer F.SilkS) (width 0.12))
    (fp_line (start -1.48 0.73) (end -1.48 -0.73) (layer F.CrtYd) (width 0.05))
    (fp_line (start -1.48 -0.73) (end 1.48 -0.73) (layer F.CrtYd) (width 0.05))
    (fp_line (start 1.48 -0.73) (end 1.48 0.73) (layer F.CrtYd) (width 0.05))
    (fp_line (start 1.48 0.73) (end -1.48 0.73) (layer F.CrtYd) (width 0.05))
    (fp_text user %R (at 0 0) (layer F.Fab)
      (effects (font (size 1 1) (thickness 0.15)))
    )
    (pad 1 smd roundrect (at -0.7875 0) (size 0.875 0.95) (layers F.Cu F.Paste F.Mask) (roundrect_rratio 0.25)
      (net 1 GND))
    (pad 2 smd roundrect (at 0.7875 0) (size 0.875 0.95) (layers F.Cu F.Paste F.Mask) (roundrect_rratio 0.25)
      (net 4 +3V3))
    (model ${KISYS3DMOD}/Capacitor_SMD.3dshapes/C_0603_1608Metric.wrl
      (at (xyz 0 0 0))
      (scale (xyz 1 1 1))
      (rotate (xyz 0 0 0))
    )
  )

  (module Capacitor_SMD:C_0603_1608Metric (layer F.Cu) (tedit 5B301BBE) (tstamp 5F7F1273)
    (at 68.3 84.2 180)
    (descr "Capacitor SMD 0603 (1608 Metric), square (rectangular) end terminal, IPC_7351 nominal, (Body size source: http://www.tortai-tech.com/upload/download/2011102023233369053.pdf), generated with kicad-footprint-generator")
    (tags capacitor)
    (path /5E43EC24)
    (attr smd)
    (fp_text reference C9 (at -1.1 1.1) (layer F.SilkS)
      (effects (font (size 0.5 0.5) (thickness 0.1)))
    )
    (fp_text value 0.1yF (at 0 1.43) (layer F.Fab)
      (effects (font (size 1 1) (thickness 0.15)))
    )
    (fp_text user %R (at 0 0) (layer F.Fab)
      (effects (font (size 1 1) (thickness 0.15)))
    )
    (fp_line (start 1.48 0.73) (end -1.48 0.73) (layer F.CrtYd) (width 0.05))
    (fp_line (start 1.48 -0.73) (end 1.48 0.73) (layer F.CrtYd) (width 0.05))
    (fp_line (start -1.48 -0.73) (end 1.48 -0.73) (layer F.CrtYd) (width 0.05))
    (fp_line (start -1.48 0.73) (end -1.48 -0.73) (layer F.CrtYd) (width 0.05))
    (fp_line (start -0.162779 0.51) (end 0.162779 0.51) (layer F.SilkS) (width 0.12))
    (fp_line (start -0.162779 -0.51) (end 0.162779 -0.51) (layer F.SilkS) (width 0.12))
    (fp_line (start 0.8 0.4) (end -0.8 0.4) (layer F.Fab) (width 0.1))
    (fp_line (start 0.8 -0.4) (end 0.8 0.4) (layer F.Fab) (width 0.1))
    (fp_line (start -0.8 -0.4) (end 0.8 -0.4) (layer F.Fab) (width 0.1))
    (fp_line (start -0.8 0.4) (end -0.8 -0.4) (layer F.Fab) (width 0.1))
    (pad 2 smd roundrect (at 0.7875 0 180) (size 0.875 0.95) (layers F.Cu F.Paste F.Mask) (roundrect_rratio 0.25)
      (net 1 GND))
    (pad 1 smd roundrect (at -0.7875 0 180) (size 0.875 0.95) (layers F.Cu F.Paste F.Mask) (roundrect_rratio 0.25)
      (net 71 "Net-(C9-Pad1)"))
    (model ${KISYS3DMOD}/Capacitor_SMD.3dshapes/C_0603_1608Metric.wrl
      (at (xyz 0 0 0))
      (scale (xyz 1 1 1))
      (rotate (xyz 0 0 0))
    )
  )

  (module Capacitor_SMD:C_0603_1608Metric (layer F.Cu) (tedit 5B301BBE) (tstamp 5F73D05A)
    (at 76.6 84 270)
    (descr "Capacitor SMD 0603 (1608 Metric), square (rectangular) end terminal, IPC_7351 nominal, (Body size source: http://www.tortai-tech.com/upload/download/2011102023233369053.pdf), generated with kicad-footprint-generator")
    (tags capacitor)
    (path /5E43E1E6)
    (attr smd)
    (fp_text reference C11 (at 0 -1.6 180) (layer F.SilkS)
      (effects (font (size 0.5 0.5) (thickness 0.1)))
    )
    (fp_text value 2.2nF (at 0 1.43 90) (layer F.Fab)
      (effects (font (size 1 1) (thickness 0.15)))
    )
    (fp_text user %R (at 0 0 90) (layer F.Fab)
      (effects (font (size 1 1) (thickness 0.15)))
    )
    (fp_line (start 1.48 0.73) (end -1.48 0.73) (layer F.CrtYd) (width 0.05))
    (fp_line (start 1.48 -0.73) (end 1.48 0.73) (layer F.CrtYd) (width 0.05))
    (fp_line (start -1.48 -0.73) (end 1.48 -0.73) (layer F.CrtYd) (width 0.05))
    (fp_line (start -1.48 0.73) (end -1.48 -0.73) (layer F.CrtYd) (width 0.05))
    (fp_line (start -0.162779 0.51) (end 0.162779 0.51) (layer F.SilkS) (width 0.12))
    (fp_line (start -0.162779 -0.51) (end 0.162779 -0.51) (layer F.SilkS) (width 0.12))
    (fp_line (start 0.8 0.4) (end -0.8 0.4) (layer F.Fab) (width 0.1))
    (fp_line (start 0.8 -0.4) (end 0.8 0.4) (layer F.Fab) (width 0.1))
    (fp_line (start -0.8 -0.4) (end 0.8 -0.4) (layer F.Fab) (width 0.1))
    (fp_line (start -0.8 0.4) (end -0.8 -0.4) (layer F.Fab) (width 0.1))
    (pad 2 smd roundrect (at 0.7875 0 270) (size 0.875 0.95) (layers F.Cu F.Paste F.Mask) (roundrect_rratio 0.25)
      (net 1 GND))
    (pad 1 smd roundrect (at -0.7875 0 270) (size 0.875 0.95) (layers F.Cu F.Paste F.Mask) (roundrect_rratio 0.25)
      (net 50 "Net-(C11-Pad1)"))
    (model ${KISYS3DMOD}/Capacitor_SMD.3dshapes/C_0603_1608Metric.wrl
      (at (xyz 0 0 0))
      (scale (xyz 1 1 1))
      (rotate (xyz 0 0 0))
    )
  )

  (module Capacitor_SMD:C_0603_1608Metric (layer F.Cu) (tedit 5B301BBE) (tstamp 5F71DF96)
    (at 54.8 59.3)
    (descr "Capacitor SMD 0603 (1608 Metric), square (rectangular) end terminal, IPC_7351 nominal, (Body size source: http://www.tortai-tech.com/upload/download/2011102023233369053.pdf), generated with kicad-footprint-generator")
    (tags capacitor)
    (path /5F9619A4)
    (attr smd)
    (fp_text reference C15 (at -0.02 -1.15) (layer F.SilkS)
      (effects (font (size 0.5 0.5) (thickness 0.1)))
    )
    (fp_text value 2.2yF (at 0 1.43) (layer F.Fab)
      (effects (font (size 1 1) (thickness 0.15)))
    )
    (fp_line (start -0.8 0.4) (end -0.8 -0.4) (layer F.Fab) (width 0.1))
    (fp_line (start -0.8 -0.4) (end 0.8 -0.4) (layer F.Fab) (width 0.1))
    (fp_line (start 0.8 -0.4) (end 0.8 0.4) (layer F.Fab) (width 0.1))
    (fp_line (start 0.8 0.4) (end -0.8 0.4) (layer F.Fab) (width 0.1))
    (fp_line (start -0.162779 -0.51) (end 0.162779 -0.51) (layer F.SilkS) (width 0.12))
    (fp_line (start -0.162779 0.51) (end 0.162779 0.51) (layer F.SilkS) (width 0.12))
    (fp_line (start -1.48 0.73) (end -1.48 -0.73) (layer F.CrtYd) (width 0.05))
    (fp_line (start -1.48 -0.73) (end 1.48 -0.73) (layer F.CrtYd) (width 0.05))
    (fp_line (start 1.48 -0.73) (end 1.48 0.73) (layer F.CrtYd) (width 0.05))
    (fp_line (start 1.48 0.73) (end -1.48 0.73) (layer F.CrtYd) (width 0.05))
    (fp_text user %R (at 0 0) (layer F.Fab)
      (effects (font (size 1 1) (thickness 0.15)))
    )
    (pad 1 smd roundrect (at -0.7875 0) (size 0.875 0.95) (layers F.Cu F.Paste F.Mask) (roundrect_rratio 0.25)
      (net 1 GND))
    (pad 2 smd roundrect (at 0.7875 0) (size 0.875 0.95) (layers F.Cu F.Paste F.Mask) (roundrect_rratio 0.25)
      (net 4 +3V3))
    (model ${KISYS3DMOD}/Capacitor_SMD.3dshapes/C_0603_1608Metric.wrl
      (at (xyz 0 0 0))
      (scale (xyz 1 1 1))
      (rotate (xyz 0 0 0))
    )
  )

  (module unsurv_offline_pcb_footprints:TF-SMD_TF-101B (layer F.Cu) (tedit 5E861888) (tstamp 5F71DFAF)
    (at 58.65 87.3 270)
    (path /5E8A0B52)
    (fp_text reference CARD1 (at 0 -10.16 90) (layer F.SilkS)
      (effects (font (size 0.5 0.5) (thickness 0.1)))
    )
    (fp_text value TF-101B (at 0 14.478 90) (layer F.Fab)
      (effects (font (size 1 1) (thickness 0.15)))
    )
    (fp_line (start 7.366 5.842) (end 7.366 8.382) (layer F.SilkS) (width 0.12))
    (fp_line (start 7.366 8.382) (end 3.302 8.382) (layer F.SilkS) (width 0.12))
    (fp_line (start 3.302 8.382) (end 3.302 6.35) (layer F.SilkS) (width 0.12))
    (fp_line (start 3.302 6.35) (end -4.572 6.35) (layer F.SilkS) (width 0.12))
    (fp_line (start -4.572 6.35) (end -6.096 7.366) (layer F.SilkS) (width 0.12))
    (fp_line (start -6.096 7.366) (end -7.366 7.366) (layer F.SilkS) (width 0.12))
    (fp_line (start -7.366 7.366) (end -7.366 -7.874) (layer F.SilkS) (width 0.12))
    (fp_line (start -7.366 -7.874) (end 7.366 -7.874) (layer F.SilkS) (width 0.12))
    (fp_line (start 7.366 -7.874) (end 7.366 5.842) (layer F.SilkS) (width 0.12))
    (pad 1 smd rect (at 2.18 2.795 270) (size 0.8 1.5) (layers F.Cu F.Paste F.Mask)
      (net 5 "Net-(CARD1-Pad1)"))
    (pad 2 smd rect (at 1.08 2.795 270) (size 0.8 1.5) (layers F.Cu F.Paste F.Mask)
      (net 6 4))
    (pad 3 smd rect (at -0.02 2.795 270) (size 0.8 1.5) (layers F.Cu F.Paste F.Mask)
      (net 7 23))
    (pad 4 smd rect (at -1.12 2.795 270) (size 0.8 1.5) (layers F.Cu F.Paste F.Mask)
      (net 4 +3V3))
    (pad 5 smd rect (at -2.22 2.795 270) (size 0.8 1.5) (layers F.Cu F.Paste F.Mask)
      (net 8 18))
    (pad 6 smd rect (at -3.32 2.795 270) (size 0.8 1.5) (layers F.Cu F.Paste F.Mask)
      (net 1 GND))
    (pad 7 smd rect (at -4.42 2.795 270) (size 0.8 1.5) (layers F.Cu F.Paste F.Mask)
      (net 9 19))
    (pad 8 smd rect (at -5.52 2.795 270) (size 0.8 1.5) (layers F.Cu F.Paste F.Mask)
      (net 10 "Net-(CARD1-Pad8)"))
    (pad 9 smd rect (at -5.25 -7.225 90) (size 1.8 1.2) (layers F.Cu F.Paste F.Mask)
      (net 1 GND))
    (pad 10 smd rect (at 0.5 -7.225 90) (size 1.8 1.2) (layers F.Cu F.Paste F.Mask)
      (net 1 GND))
    (pad 11 smd rect (at 6.76 7.225 90) (size 1.3 1.9) (layers F.Cu F.Paste F.Mask)
      (net 1 GND))
    (pad 12 smd rect (at -6.76 6.205 90) (size 1.3 1.9) (layers F.Cu F.Paste F.Mask)
      (net 1 GND))
  )

  (module Diode_SMD:D_SOD-323 (layer F.Cu) (tedit 58641739) (tstamp 5F71DFC7)
    (at 73.2 51.75 90)
    (descr SOD-323)
    (tags SOD-323)
    (path /5EF00E40)
    (attr smd)
    (fp_text reference D1 (at -0.05 0 180) (layer F.SilkS)
      (effects (font (size 0.5 0.5) (thickness 0.1)))
    )
    (fp_text value D_Schottky (at 0.1 1.9 90) (layer F.Fab)
      (effects (font (size 1 1) (thickness 0.15)))
    )
    (fp_text user %R (at 0 -1.85 90) (layer F.Fab)
      (effects (font (size 1 1) (thickness 0.15)))
    )
    (fp_line (start -1.5 -0.85) (end -1.5 0.85) (layer F.SilkS) (width 0.12))
    (fp_line (start 0.2 0) (end 0.45 0) (layer F.Fab) (width 0.1))
    (fp_line (start 0.2 0.35) (end -0.3 0) (layer F.Fab) (width 0.1))
    (fp_line (start 0.2 -0.35) (end 0.2 0.35) (layer F.Fab) (width 0.1))
    (fp_line (start -0.3 0) (end 0.2 -0.35) (layer F.Fab) (width 0.1))
    (fp_line (start -0.3 0) (end -0.5 0) (layer F.Fab) (width 0.1))
    (fp_line (start -0.3 -0.35) (end -0.3 0.35) (layer F.Fab) (width 0.1))
    (fp_line (start -0.9 0.7) (end -0.9 -0.7) (layer F.Fab) (width 0.1))
    (fp_line (start 0.9 0.7) (end -0.9 0.7) (layer F.Fab) (width 0.1))
    (fp_line (start 0.9 -0.7) (end 0.9 0.7) (layer F.Fab) (width 0.1))
    (fp_line (start -0.9 -0.7) (end 0.9 -0.7) (layer F.Fab) (width 0.1))
    (fp_line (start -1.6 -0.95) (end 1.6 -0.95) (layer F.CrtYd) (width 0.05))
    (fp_line (start 1.6 -0.95) (end 1.6 0.95) (layer F.CrtYd) (width 0.05))
    (fp_line (start -1.6 0.95) (end 1.6 0.95) (layer F.CrtYd) (width 0.05))
    (fp_line (start -1.6 -0.95) (end -1.6 0.95) (layer F.CrtYd) (width 0.05))
    (fp_line (start -1.5 0.85) (end 1.05 0.85) (layer F.SilkS) (width 0.12))
    (fp_line (start -1.5 -0.85) (end 1.05 -0.85) (layer F.SilkS) (width 0.12))
    (pad 1 smd rect (at -1.05 0 90) (size 0.6 0.45) (layers F.Cu F.Paste F.Mask)
      (net 70 "Net-(C2-Pad2)"))
    (pad 2 smd rect (at 1.05 0 90) (size 0.6 0.45) (layers F.Cu F.Paste F.Mask)
      (net 2 +5V))
    (model ${KISYS3DMOD}/Diode_SMD.3dshapes/D_SOD-323.wrl
      (at (xyz 0 0 0))
      (scale (xyz 1 1 1))
      (rotate (xyz 0 0 0))
    )
  )

  (module digikey-footprints:LED_0603 (layer F.Cu) (tedit 5D2891C2) (tstamp 5F71DFE2)
    (at 83.85 60.8 90)
    (path /5E32B05A)
    (attr smd)
    (fp_text reference D2 (at -0.4 -0.95 180) (layer F.SilkS)
      (effects (font (size 0.5 0.5) (thickness 0.1)))
    )
    (fp_text value LED (at 0 1.77 90) (layer F.Fab)
      (effects (font (size 1 1) (thickness 0.15)))
    )
    (fp_line (start 0.85 0.4) (end 0.85 -0.4) (layer F.Fab) (width 0.12))
    (fp_line (start -0.85 0.4) (end -0.85 -0.4) (layer F.Fab) (width 0.12))
    (fp_line (start -0.85 -0.4) (end 0.85 -0.4) (layer F.Fab) (width 0.12))
    (fp_line (start -0.85 0.4) (end 0.85 0.4) (layer F.Fab) (width 0.12))
    (fp_line (start -1.4 0.71) (end -1.4 -0.71) (layer F.CrtYd) (width 0.05))
    (fp_line (start 1.4 0.71) (end 1.4 -0.71) (layer F.CrtYd) (width 0.05))
    (fp_line (start -1.4 -0.71) (end 1.4 -0.71) (layer F.CrtYd) (width 0.05))
    (fp_line (start -1.4 0.71) (end 1.4 0.71) (layer F.CrtYd) (width 0.05))
    (fp_line (start -1.3 0.5) (end 0.4 0.5) (layer F.SilkS) (width 0.12))
    (fp_line (start -1.3 -0.3) (end -1.3 0.5) (layer F.SilkS) (width 0.12))
    (fp_line (start -1.3 -0.5) (end -1.3 -0.3) (layer F.SilkS) (width 0.12))
    (fp_line (start -1.2 -0.5) (end -1.3 -0.5) (layer F.SilkS) (width 0.12))
    (fp_line (start -1.1 -0.5) (end -1.2 -0.5) (layer F.SilkS) (width 0.12))
    (fp_line (start -1.1 -0.5) (end 0.4 -0.5) (layer F.SilkS) (width 0.12))
    (fp_line (start 0.1 0.2) (end 0.1 0) (layer F.Fab) (width 0.12))
    (fp_line (start -0.2 0) (end 0.1 0.2) (layer F.Fab) (width 0.12))
    (fp_line (start 0.1 -0.2) (end -0.2 0) (layer F.Fab) (width 0.12))
    (fp_line (start 0.1 0) (end 0.1 -0.2) (layer F.Fab) (width 0.12))
    (fp_line (start 0.5 0) (end 0.1 0) (layer F.Fab) (width 0.12))
    (fp_line (start -0.3 -0.2) (end -0.3 0.1) (layer F.Fab) (width 0.12))
    (fp_line (start -0.3 0.2) (end -0.3 0.1) (layer F.Fab) (width 0.12))
    (pad 2 smd rect (at 0.75 0 90) (size 0.8 0.8) (layers F.Cu F.Paste F.Mask)
      (net 39 "Net-(D2-Pad2)"))
    (pad 1 smd rect (at -0.75 0 90) (size 0.8 0.8) (layers F.Cu F.Paste F.Mask)
      (net 38 "Net-(D2-Pad1)"))
  )

  (module digikey-footprints:LED_0603 (layer F.Cu) (tedit 5D2891C2) (tstamp 5F71DFFD)
    (at 68.255001 93.955001)
    (path /5F0139A0)
    (attr smd)
    (fp_text reference D3 (at -2.055001 0.044999) (layer F.SilkS)
      (effects (font (size 0.5 0.5) (thickness 0.1)))
    )
    (fp_text value LED (at 0 1.77) (layer F.Fab)
      (effects (font (size 1 1) (thickness 0.15)))
    )
    (fp_line (start -0.3 0.2) (end -0.3 0.1) (layer F.Fab) (width 0.12))
    (fp_line (start -0.3 -0.2) (end -0.3 0.1) (layer F.Fab) (width 0.12))
    (fp_line (start 0.5 0) (end 0.1 0) (layer F.Fab) (width 0.12))
    (fp_line (start 0.1 0) (end 0.1 -0.2) (layer F.Fab) (width 0.12))
    (fp_line (start 0.1 -0.2) (end -0.2 0) (layer F.Fab) (width 0.12))
    (fp_line (start -0.2 0) (end 0.1 0.2) (layer F.Fab) (width 0.12))
    (fp_line (start 0.1 0.2) (end 0.1 0) (layer F.Fab) (width 0.12))
    (fp_line (start -1.1 -0.5) (end 0.4 -0.5) (layer F.SilkS) (width 0.12))
    (fp_line (start -1.1 -0.5) (end -1.2 -0.5) (layer F.SilkS) (width 0.12))
    (fp_line (start -1.2 -0.5) (end -1.3 -0.5) (layer F.SilkS) (width 0.12))
    (fp_line (start -1.3 -0.5) (end -1.3 -0.3) (layer F.SilkS) (width 0.12))
    (fp_line (start -1.3 -0.3) (end -1.3 0.5) (layer F.SilkS) (width 0.12))
    (fp_line (start -1.3 0.5) (end 0.4 0.5) (layer F.SilkS) (width 0.12))
    (fp_line (start -1.4 0.71) (end 1.4 0.71) (layer F.CrtYd) (width 0.05))
    (fp_line (start -1.4 -0.71) (end 1.4 -0.71) (layer F.CrtYd) (width 0.05))
    (fp_line (start 1.4 0.71) (end 1.4 -0.71) (layer F.CrtYd) (width 0.05))
    (fp_line (start -1.4 0.71) (end -1.4 -0.71) (layer F.CrtYd) (width 0.05))
    (fp_line (start -0.85 0.4) (end 0.85 0.4) (layer F.Fab) (width 0.12))
    (fp_line (start -0.85 -0.4) (end 0.85 -0.4) (layer F.Fab) (width 0.12))
    (fp_line (start -0.85 0.4) (end -0.85 -0.4) (layer F.Fab) (width 0.12))
    (fp_line (start 0.85 0.4) (end 0.85 -0.4) (layer F.Fab) (width 0.12))
    (pad 1 smd rect (at -0.75 0) (size 0.8 0.8) (layers F.Cu F.Paste F.Mask)
      (net 1 GND))
    (pad 2 smd rect (at 0.75 0) (size 0.8 0.8) (layers F.Cu F.Paste F.Mask)
      (net 46 "Net-(D3-Pad2)"))
  )

  (module digikey-footprints:LED_0603 (layer F.Cu) (tedit 5D2891C2) (tstamp 5F71E018)
    (at 64.4 51.15)
    (path /5F139FB7)
    (attr smd)
    (fp_text reference D4 (at -2 0) (layer F.SilkS)
      (effects (font (size 0.5 0.5) (thickness 0.1)))
    )
    (fp_text value LED (at 0 1.77) (layer F.Fab)
      (effects (font (size 1 1) (thickness 0.15)))
    )
    (fp_line (start -0.3 0.2) (end -0.3 0.1) (layer F.Fab) (width 0.12))
    (fp_line (start -0.3 -0.2) (end -0.3 0.1) (layer F.Fab) (width 0.12))
    (fp_line (start 0.5 0) (end 0.1 0) (layer F.Fab) (width 0.12))
    (fp_line (start 0.1 0) (end 0.1 -0.2) (layer F.Fab) (width 0.12))
    (fp_line (start 0.1 -0.2) (end -0.2 0) (layer F.Fab) (width 0.12))
    (fp_line (start -0.2 0) (end 0.1 0.2) (layer F.Fab) (width 0.12))
    (fp_line (start 0.1 0.2) (end 0.1 0) (layer F.Fab) (width 0.12))
    (fp_line (start -1.1 -0.5) (end 0.4 -0.5) (layer F.SilkS) (width 0.12))
    (fp_line (start -1.1 -0.5) (end -1.2 -0.5) (layer F.SilkS) (width 0.12))
    (fp_line (start -1.2 -0.5) (end -1.3 -0.5) (layer F.SilkS) (width 0.12))
    (fp_line (start -1.3 -0.5) (end -1.3 -0.3) (layer F.SilkS) (width 0.12))
