(kicad_pcb (version 20171130) (host pcbnew "(5.1.5)-3")

  (general
    (thickness 1.6)
    (drawings 10)
    (tracks 601)
    (zones 0)
    (modules 51)
    (nets 84)
  )

  (page A4)
  (layers
    (0 F.Cu signal)
    (1 GND power)
    (2 VCC power)
    (31 B.Cu signal)
    (32 B.Adhes user)
    (33 F.Adhes user)
    (34 B.Paste user)
    (35 F.Paste user)
    (36 B.SilkS user)
    (37 F.SilkS user)
    (38 B.Mask user)
    (39 F.Mask user)
    (40 Dwgs.User user)
    (41 Cmts.User user)
    (42 Eco1.User user)
    (43 Eco2.User user)
    (44 Edge.Cuts user)
    (45 Margin user)
    (46 B.CrtYd user)
    (47 F.CrtYd user)
    (48 B.Fab user)
    (49 F.Fab user hide)
  )

  (setup
    (last_trace_width 0.25)
    (user_trace_width 0.5)
    (trace_clearance 0.2)
    (zone_clearance 0.2)
    (zone_45_only no)
    (trace_min 0.2)
    (via_size 0.8)
    (via_drill 0.4)
    (via_min_size 0.5)
    (via_min_drill 0.25)
    (user_via 0.5 0.25)
    (uvia_size 0.3)
    (uvia_drill 0.1)
    (uvias_allowed no)
    (uvia_min_size 0.2)
    (uvia_min_drill 0.1)
    (edge_width 0.1)
    (segment_width 0.2)
    (pcb_text_width 0.3)
    (pcb_text_size 1.5 1.5)
    (mod_edge_width 0.08)
    (mod_text_size 0.4 0.4)
    (mod_text_width 0.08)
    (pad_size 2.2 2.2)
    (pad_drill 0)
    (pad_to_mask_clearance 0)
    (aux_axis_origin 0 0)
    (visible_elements 7FFFFFFF)
    (pcbplotparams
      (layerselection 0x010fc_ffffffff)
      (usegerberextensions false)
      (usegerberattributes false)
      (usegerberadvancedattributes false)
      (creategerberjobfile false)
      (excludeedgelayer true)
      (linewidth 0.100000)
      (plotframeref false)
      (viasonmask false)
      (mode 1)
      (useauxorigin false)
      (hpglpennumber 1)
      (hpglpenspeed 20)
      (hpglpendiameter 15.000000)
      (psnegative false)
      (psa4output false)
      (plotreference true)
      (plotvalue true)
      (plotinvisibletext false)
      (padsonsilk false)
      (subtractmaskfromsilk false)
      (outputformat 1)
      (mirror false)
      (drillshape 1)
      (scaleselection 1)
      (outputdirectory ""))
  )

  (net 0 "")
  (net 1 ANT1)
  (net 2 ANT2)
  (net 3 +BATT)
  (net 4 GND)
  (net 5 +5V)
  (net 6 RESET)
  (net 7 +3V3)
  (net 8 "Net-(CARD1-Pad1)")
  (net 9 4)
  (net 10 23)
  (net 11 18)
  (net 12 19)
  (net 13 "Net-(CARD1-Pad8)")
  (net 14 D-)
  (net 15 D+)
  (net 16 RTS)
  (net 17 DTR)
  (net 18 0)
  (net 19 "Net-(R2-Pad1)")
  (net 20 "Net-(R3-Pad1)")
  (net 21 35)
  (net 22 SDA)
  (net 23 SCL)
  (net 24 27)
  (net 25 "Net-(S1-Pad2)")
  (net 26 ACC_INT1)
  (net 27 ACC_INT2)
  (net 28 "Net-(U4-Pad4)")
  (net 29 13)
  (net 30 15)
  (net 31 5)
  (net 32 RX0)
  (net 33 TX0)
  (net 34 "Net-(U7-Pad11)")
  (net 35 "Net-(JP2-Pad1)")
  (net 36 "Net-(JP1-Pad2)")
  (net 37 "Net-(R6-Pad1)")
  (net 38 "Net-(U5-Pad7)")
  (net 39 "Net-(S2-Pad1)")
  (net 40 "Net-(C8-Pad2)")
  (net 41 "Net-(C11-Pad1)")
  (net 42 "Net-(D1-Pad2)")
  (net 43 "Net-(D2-Pad2)")
  (net 44 "Net-(D3-Pad1)")
  (net 45 "Net-(R10-Pad1)")
  (net 46 "Net-(U1-Pad32)")
  (net 47 "Net-(U1-Pad28)")
  (net 48 "Net-(U1-Pad27)")
  (net 49 "Net-(U1-Pad24)")
  (net 50 "Net-(U1-Pad22)")
  (net 51 "Net-(U1-Pad21)")
  (net 52 "Net-(U1-Pad20)")
  (net 53 "Net-(U1-Pad19)")
  (net 54 "Net-(U1-Pad18)")
  (net 55 "Net-(U1-Pad17)")
  (net 56 "Net-(U1-Pad14)")
  (net 57 "Net-(U1-Pad13)")
  (net 58 "Net-(U1-Pad9)")
  (net 59 "Net-(U1-Pad8)")
  (net 60 "Net-(U1-Pad6)")
  (net 61 "Net-(U1-Pad5)")
  (net 62 "Net-(U1-Pad4)")
  (net 63 "Net-(U3-Pad30)")
  (net 64 "Net-(U3-Pad28)")
  (net 65 "Net-(U3-Pad26)")
  (net 66 "Net-(U3-Pad25)")
  (net 67 "Net-(U3-Pad24)")
  (net 68 "Net-(U3-Pad23)")
  (net 69 "Net-(U3-Pad20)")
  (net 70 "Net-(U3-Pad16)")
  (net 71 "Net-(U3-Pad2)")
  (net 72 "Net-(U5-Pad8)")
  (net 73 "Net-(U5-Pad9)")
  (net 74 "Net-(U5-Pad10)")
  (net 75 "Net-(U5-Pad11)")
  (net 76 "Net-(U5-Pad12)")
  (net 77 "Net-(U5-Pad15)")
  (net 78 "Net-(U6-Pad5)")
  (net 79 "Net-(U6-Pad6)")
  (net 80 "Net-(U6-Pad7)")
  (net 81 "Net-(U7-Pad4)")
  (net 82 "Net-(USB1-Pad6)")
  (net 83 "Net-(USB1-Pad4)")

  (net_class Default "This is the default net class."
    (clearance 0.2)
    (trace_width 0.25)
    (via_dia 0.8)
    (via_drill 0.4)
    (uvia_dia 0.3)
    (uvia_drill 0.1)
    (add_net +3V3)
    (add_net +5V)
    (add_net +BATT)
    (add_net 0)
    (add_net 13)
    (add_net 15)
    (add_net 18)
    (add_net 19)
    (add_net 23)
    (add_net 27)
    (add_net 35)
    (add_net 4)
    (add_net 5)
    (add_net ACC_INT1)
    (add_net ACC_INT2)
    (add_net ANT1)
    (add_net ANT2)
    (add_net D+)
    (add_net D-)
    (add_net DTR)
    (add_net GND)
    (add_net "Net-(C11-Pad1)")
    (add_net "Net-(C8-Pad2)")
    (add_net "Net-(CARD1-Pad1)")
    (add_net "Net-(CARD1-Pad8)")
    (add_net "Net-(D1-Pad2)")
    (add_net "Net-(D2-Pad2)")
    (add_net "Net-(D3-Pad1)")
    (add_net "Net-(JP1-Pad2)")
    (add_net "Net-(JP2-Pad1)")
    (add_net "Net-(R10-Pad1)")
    (add_net "Net-(R2-Pad1)")
    (add_net "Net-(R3-Pad1)")
    (add_net "Net-(R6-Pad1)")
    (add_net "Net-(S1-Pad2)")
    (add_net "Net-(S2-Pad1)")
    (add_net "Net-(U1-Pad13)")
    (add_net "Net-(U1-Pad14)")
    (add_net "Net-(U1-Pad17)")
    (add_net "Net-(U1-Pad18)")
    (add_net "Net-(U1-Pad19)")
    (add_net "Net-(U1-Pad20)")
    (add_net "Net-(U1-Pad21)")
    (add_net "Net-(U1-Pad22)")
    (add_net "Net-(U1-Pad24)")
    (add_net "Net-(U1-Pad27)")
    (add_net "Net-(U1-Pad28)")
    (add_net "Net-(U1-Pad32)")
    (add_net "Net-(U1-Pad4)")
    (add_net "Net-(U1-Pad5)")
    (add_net "Net-(U1-Pad6)")
    (add_net "Net-(U1-Pad8)")
    (add_net "Net-(U1-Pad9)")
    (add_net "Net-(U3-Pad16)")
    (add_net "Net-(U3-Pad2)")
    (add_net "Net-(U3-Pad20)")
    (add_net "Net-(U3-Pad23)")
    (add_net "Net-(U3-Pad24)")
    (add_net "Net-(U3-Pad25)")
    (add_net "Net-(U3-Pad26)")
    (add_net "Net-(U3-Pad28)")
    (add_net "Net-(U3-Pad30)")
    (add_net "Net-(U4-Pad4)")
    (add_net "Net-(U5-Pad10)")
    (add_net "Net-(U5-Pad11)")
    (add_net "Net-(U5-Pad12)")
    (add_net "Net-(U5-Pad15)")
    (add_net "Net-(U5-Pad7)")
    (add_net "Net-(U5-Pad8)")
    (add_net "Net-(U5-Pad9)")
    (add_net "Net-(U6-Pad5)")
    (add_net "Net-(U6-Pad6)")
    (add_net "Net-(U6-Pad7)")
    (add_net "Net-(U7-Pad11)")
    (add_net "Net-(U7-Pad4)")
    (add_net "Net-(USB1-Pad4)")
    (add_net "Net-(USB1-Pad6)")
    (add_net RESET)
    (add_net RTS)
    (add_net RX0)
    (add_net SCL)
    (add_net SDA)
    (add_net TX0)
  )

  (net_class "AISLER 4 layer" ""
    (clearance 0.15)
    (trace_width 0.2)
    (via_dia 0.5)
    (via_drill 0.3)
    (uvia_dia 0.3)
    (uvia_drill 0.1)
  )

  (module unsurv_offline_pcb_footprints:BMA400 (layer F.Cu) (tedit 6107D863) (tstamp 60CE168D)
    (at 44.9 50.5)
    (path /60E450DC)
    (fp_text reference U7 (at 2.9 0) (layer F.SilkS)
      (effects (font (size 0.4 0.4) (thickness 0.08)))
    )
    (fp_text value BMA400-I2C (at 0 2.1) (layer F.Fab)
      (effects (font (size 1 1) (thickness 0.15)))
    )
    (fp_circle (center -1.55 -1.07) (end -1.64 -0.96) (layer F.SilkS) (width 0.12))
    (fp_line (start -1 1) (end 1 1) (layer F.SilkS) (width 0.12))
    (fp_line (start -1 -1) (end -1 1) (layer F.SilkS) (width 0.12))
    (fp_line (start 1 -1) (end -1 -1) (layer F.SilkS) (width 0.12))
    (fp_line (start 1 1) (end 1 -1) (layer F.SilkS) (width 0.12))
    (pad 11 smd rect (at 0.25 -0.9 270) (size 0.6 0.28) (layers F.Cu F.Paste F.Mask)
      (net 34 "Net-(U7-Pad11)"))
    (pad 12 smd rect (at -0.25 -0.9 270) (size 0.6 0.28) (layers F.Cu F.Paste F.Mask)
      (net 23 SCL))
    (pad 10 smd rect (at 0.9 -0.75 180) (size 0.6 0.28) (layers F.Cu F.Paste F.Mask)
      (net 7 +3V3))
    (pad 9 smd rect (at 0.9 -0.25 180) (size 0.6 0.28) (layers F.Cu F.Paste F.Mask)
      (net 4 GND))
    (pad 8 smd rect (at 0.9 0.25 180) (size 0.6 0.28) (layers F.Cu F.Paste F.Mask)
      (net 4 GND))
    (pad 7 smd rect (at 0.9 0.75 180) (size 0.6 0.28) (layers F.Cu F.Paste F.Mask)
      (net 7 +3V3))
    (pad 6 smd rect (at 0.25 0.9 90) (size 0.6 0.28) (layers F.Cu F.Paste F.Mask)
      (net 27 ACC_INT2))
    (pad 5 smd rect (at -0.25 0.9 90) (size 0.6 0.28) (layers F.Cu F.Paste F.Mask)
      (net 26 ACC_INT1))
    (pad 4 smd rect (at -0.9 0.75) (size 0.6 0.28) (layers F.Cu F.Paste F.Mask)
      (net 81 "Net-(U7-Pad4)"))
    (pad 3 smd rect (at -0.9 0.25) (size 0.6 0.28) (layers F.Cu F.Paste F.Mask)
      (net 7 +3V3))
    (pad 2 smd rect (at -0.9 -0.25) (size 0.6 0.28) (layers F.Cu F.Paste F.Mask)
      (net 22 SDA))
    (pad 1 smd rect (at -0.9 -0.75) (size 0.6 0.28) (layers F.Cu F.Paste F.Mask)
      (net 4 GND))
  )

  (module unsurv_offline_pcb_footprints:TF-SMD_TF-101B (layer F.Cu) (tedit 60D4C9A7) (tstamp 60CF9ABF)
    (at 24.9 55.6 270)
    (path /5E8A0B52)
    (fp_text reference CARD1 (at 7.9 4.4 180) (layer F.SilkS)
      (effects (font (size 0.4 0.4) (thickness 0.08)))
    )
    (fp_text value TF-101B (at 0 14.478 90) (layer F.Fab)
      (effects (font (size 1 1) (thickness 0.15)))
    )
    (fp_line (start 7.366 -7.874) (end 7.366 5.842) (layer F.SilkS) (width 0.12))
    (fp_line (start -7.366 -7.874) (end 7.366 -7.874) (layer F.SilkS) (width 0.12))
    (fp_line (start -7.366 6.8) (end -7.366 -7.874) (layer F.SilkS) (width 0.12))
    (fp_line (start -6.096 6.8) (end -7.366 6.8) (layer F.SilkS) (width 0.12))
    (fp_line (start -4.572 6.35) (end -6.096 6.8) (layer F.SilkS) (width 0.12))
    (fp_line (start 3.302 6.35) (end -4.572 6.35) (layer F.SilkS) (width 0.12))
    (fp_line (start 3.302 6.8) (end 3.302 6.35) (layer F.SilkS) (width 0.12))
    (fp_line (start 7.366 6.8) (end 3.302 6.8) (layer F.SilkS) (width 0.12))
    (fp_line (start 7.366 5.842) (end 7.366 6.8) (layer F.SilkS) (width 0.12))
    (pad 12 smd rect (at -6.76 4.905 90) (size 1.3 1.9) (layers F.Cu F.Paste F.Mask)
      (net 4 GND))
    (pad 11 smd rect (at 6.76 5.725 90) (size 1.3 1.9) (layers F.Cu F.Paste F.Mask)
      (net 4 GND))
    (pad 10 smd rect (at 0.5 -7.225 90) (size 1.8 1.2) (layers F.Cu F.Paste F.Mask)
      (net 4 GND))
    (pad 9 smd rect (at -5.25 -7.225 90) (size 1.8 1.2) (layers F.Cu F.Paste F.Mask)
      (net 4 GND))
    (pad 8 smd rect (at -5.52 2.545 270) (size 0.8 1.5) (layers F.Cu F.Paste F.Mask)
      (net 13 "Net-(CARD1-Pad8)"))
    (pad 7 smd rect (at -4.42 2.545 270) (size 0.8 1.5) (layers F.Cu F.Paste F.Mask)
      (net 12 19))
    (pad 6 smd rect (at -3.32 2.795 270) (size 0.8 1.5) (layers F.Cu F.Paste F.Mask)
      (net 4 GND))
    (pad 5 smd rect (at -2.22 2.545 270) (size 0.8 1.5) (layers F.Cu F.Paste F.Mask)
      (net 11 18))
    (pad 4 smd rect (at -1.12 2.795 270) (size 0.8 1.5) (layers F.Cu F.Paste F.Mask)
      (net 7 +3V3))
    (pad 3 smd rect (at -0.02 2.545 270) (size 0.8 1.5) (layers F.Cu F.Paste F.Mask)
      (net 10 23))
    (pad 2 smd rect (at 1.08 2.445 270) (size 0.8 1.5) (layers F.Cu F.Paste F.Mask)
      (net 9 4))
    (pad 1 smd rect (at 2.18 2.545 270) (size 0.8 1.5) (layers F.Cu F.Paste F.Mask)
      (net 8 "Net-(CARD1-Pad1)"))
  )

  (module unsurv_offline_pcb_footprints:TTGO-Micro32-ESP32 (layer B.Cu) (tedit 60D4A73C) (tstamp 60CE16BC)
    (at 30.8 63.2 90)
    (path /60D03794)
    (fp_text reference U1 (at 13.6 17.1 180) (layer B.SilkS)
      (effects (font (size 0.4 0.4) (thickness 0.08)) (justify mirror))
    )
    (fp_text value TTGO-Micro32-ESP32 (at 6.5 -2.75 90) (layer B.Fab)
      (effects (font (size 1 1) (thickness 0.15)) (justify mirror))
    )
    (fp_line (start 9.55 9.6) (end 3.55 9.6) (layer B.SilkS) (width 0.12))
    (fp_line (start 9.55 3.6) (end 9.55 9.6) (layer B.SilkS) (width 0.12))
    (fp_line (start 3.55 3.6) (end 9.55 3.6) (layer B.SilkS) (width 0.12))
    (fp_line (start 3.55 9.6) (end 3.55 3.6) (layer B.SilkS) (width 0.12))
    (fp_circle (center -0.75 16.75) (end -1 16.5) (layer B.SilkS) (width 0.12))
    (fp_line (start 13.1 18.9) (end 13.1 0) (layer B.SilkS) (width 0.12))
    (fp_line (start 0 0) (end 13.1 0) (layer B.SilkS) (width 0.12))
    (fp_line (start 0 18.9) (end 0 0) (layer B.SilkS) (width 0.12))
    (fp_line (start 0 18.9) (end 13.1 18.9) (layer B.SilkS) (width 0.12))
    (pad 38 smd rect (at 13.4 15.56 90) (size 2.1 0.7) (layers B.Cu B.Paste B.Mask)
      (net 4 GND))
    (pad 37 smd rect (at 13.4 14.56 90) (size 2.1 0.7) (layers B.Cu B.Paste B.Mask)
      (net 10 23))
    (pad 36 smd rect (at 13.4 13.56 90) (size 2.1 0.7) (layers B.Cu B.Paste B.Mask)
      (net 23 SCL))
    (pad 35 smd rect (at 13.4 12.56 90) (size 2.1 0.7) (layers B.Cu B.Paste B.Mask)
      (net 33 TX0))
    (pad 34 smd rect (at 13.4 11.56 90) (size 2.1 0.7) (layers B.Cu B.Paste B.Mask)
      (net 32 RX0))
    (pad 33 smd rect (at 13.4 10.56 90) (size 2.1 0.7) (layers B.Cu B.Paste B.Mask)
      (net 22 SDA))
    (pad 32 smd rect (at 13.4 9.56 90) (size 2.1 0.7) (layers B.Cu B.Paste B.Mask)
      (net 46 "Net-(U1-Pad32)"))
    (pad 31 smd rect (at 13.4 8.56 90) (size 2.1 0.7) (layers B.Cu B.Paste B.Mask)
      (net 12 19))
    (pad 30 smd rect (at 13.4 7.56 90) (size 2.1 0.7) (layers B.Cu B.Paste B.Mask)
      (net 11 18))
    (pad 29 smd rect (at 13.4 6.56 90) (size 2.1 0.7) (layers B.Cu B.Paste B.Mask)
      (net 31 5))
    (pad 28 smd rect (at 13.4 5.56 90) (size 2.1 0.7) (layers B.Cu B.Paste B.Mask)
      (net 47 "Net-(U1-Pad28)"))
    (pad 27 smd rect (at 13.4 4.56 90) (size 2.1 0.7) (layers B.Cu B.Paste B.Mask)
      (net 48 "Net-(U1-Pad27)"))
    (pad 26 smd rect (at 13.4 3.56 90) (size 2.1 0.7) (layers B.Cu B.Paste B.Mask)
      (net 9 4))
    (pad 25 smd rect (at 13.4 2.56 90) (size 2.1 0.7) (layers B.Cu B.Paste B.Mask)
      (net 18 0))
    (pad 24 smd rect (at 13.4 1.56 90) (size 2.1 0.7) (layers B.Cu B.Paste B.Mask)
      (net 49 "Net-(U1-Pad24)"))
    (pad 23 smd rect (at 10.02 -0.3) (size 2.1 0.7) (layers B.Cu B.Paste B.Mask)
      (net 30 15))
    (pad 22 smd rect (at 9.02 -0.3) (size 2.1 0.7) (layers B.Cu B.Paste B.Mask)
      (net 50 "Net-(U1-Pad22)"))
    (pad 21 smd rect (at 8.02 -0.3) (size 2.1 0.7) (layers B.Cu B.Paste B.Mask)
      (net 51 "Net-(U1-Pad21)"))
    (pad 20 smd rect (at 7.02 -0.3) (size 2.1 0.7) (layers B.Cu B.Paste B.Mask)
      (net 52 "Net-(U1-Pad20)"))
    (pad 19 smd rect (at 6.02 -0.3) (size 2.1 0.7) (layers B.Cu B.Paste B.Mask)
      (net 53 "Net-(U1-Pad19)"))
    (pad 18 smd rect (at 5.02 -0.3) (size 2.1 0.7) (layers B.Cu B.Paste B.Mask)
      (net 54 "Net-(U1-Pad18)"))
    (pad 17 smd rect (at 4.02 -0.3) (size 2.1 0.7) (layers B.Cu B.Paste B.Mask)
      (net 55 "Net-(U1-Pad17)"))
    (pad 16 smd rect (at 3.02 -0.3) (size 2.1 0.7) (layers B.Cu B.Paste B.Mask)
      (net 29 13))
    (pad 15 smd rect (at -0.3 1.56 90) (size 2.1 0.7) (layers B.Cu B.Paste B.Mask)
      (net 4 GND))
    (pad 14 smd rect (at -0.3 2.56 90) (size 2.1 0.7) (layers B.Cu B.Paste B.Mask)
      (net 56 "Net-(U1-Pad14)"))
    (pad 13 smd rect (at -0.3 3.56 90) (size 2.1 0.7) (layers B.Cu B.Paste B.Mask)
      (net 57 "Net-(U1-Pad13)"))
    (pad 12 smd rect (at -0.3 4.56 90) (size 2.1 0.7) (layers B.Cu B.Paste B.Mask)
      (net 24 27))
    (pad 11 smd rect (at -0.3 5.56 90) (size 2.1 0.7) (layers B.Cu B.Paste B.Mask)
      (net 27 ACC_INT2))
    (pad 10 smd rect (at -0.3 6.56 90) (size 2.1 0.7) (layers B.Cu B.Paste B.Mask)
      (net 26 ACC_INT1))
    (pad 9 smd rect (at -0.3 7.56 90) (size 2.1 0.7) (layers B.Cu B.Paste B.Mask)
      (net 58 "Net-(U1-Pad9)"))
    (pad 8 smd rect (at -0.3 8.56 90) (size 2.1 0.7) (layers B.Cu B.Paste B.Mask)
      (net 59 "Net-(U1-Pad8)"))
    (pad 7 smd rect (at -0.3 9.56 90) (size 2.1 0.7) (layers B.Cu B.Paste B.Mask)
      (net 21 35))
    (pad 6 smd rect (at -0.3 10.56 90) (size 2.1 0.7) (layers B.Cu B.Paste B.Mask)
      (net 60 "Net-(U1-Pad6)"))
    (pad 5 smd rect (at -0.3 11.56 90) (size 2.1 0.7) (layers B.Cu B.Paste B.Mask)
      (net 61 "Net-(U1-Pad5)"))
    (pad 4 smd rect (at -0.3 12.56 90) (size 2.1 0.7) (layers B.Cu B.Paste B.Mask)
      (net 62 "Net-(U1-Pad4)"))
    (pad 3 smd rect (at -0.3 13.56 90) (size 2.1 0.7) (layers B.Cu B.Paste B.Mask)
      (net 6 RESET))
    (pad 2 smd rect (at -0.3 14.56 90) (size 2.1 0.7) (layers B.Cu B.Paste B.Mask)
      (net 7 +3V3))
    (pad 1 smd rect (at -0.3 15.56 90) (size 2.1 0.7) (layers B.Cu B.Paste B.Mask)
      (net 4 GND))
  )

  (module unsurv_offline_pcb_footprints:GPS_Module_CAM-M8C-0 (layer F.Cu) (tedit 5F3ED505) (tstamp 60CE170C)
    (at 25.5 36.4 270)
    (path /5F75E10D)
    (attr smd)
    (fp_text reference U3 (at -5.1 -7.9 180) (layer F.SilkS)
      (effects (font (size 0.4 0.4) (thickness 0.08)))
    )
    (fp_text value CAM-M8C-0-10 (at 0 8.57 90) (layer F.Fab)
      (effects (font (size 1 1) (thickness 0.15)))
    )
    (fp_text user "KEEP OUT" (at 0 5 90) (layer Dwgs.User)
      (effects (font (size 1 1) (thickness 0.15)))
    )
    (fp_line (start -3.6 7.2) (end -3.6 0) (layer Dwgs.User) (width 0.12))
    (fp_line (start 3.6 7.2) (end -3.6 7.2) (layer Dwgs.User) (width 0.12))
    (fp_line (start 3.6 0) (end 3.6 7.2) (layer Dwgs.User) (width 0.12))
    (fp_line (start -3.6 0) (end 3.6 0) (layer Dwgs.User) (width 0.12))
    (fp_line (start 4.8 -6.8) (end 4.8 7.2) (layer F.Fab) (width 0.1))
    (fp_line (start -4.8 7.2) (end 4.8 7.2) (layer F.Fab) (width 0.1))
    (fp_text user %R (at 0 0 90) (layer F.Fab)
      (effects (font (size 1 1) (thickness 0.15)))
    )
    (fp_line (start 4.9 -6.9) (end 4.4 -6.9) (layer F.SilkS) (width 0.1))
    (fp_line (start 4.9 -6.9) (end 4.9 -6.4) (layer F.SilkS) (width 0.1))
    (fp_line (start 4.9 7.3) (end 4.4 7.3) (layer F.SilkS) (width 0.1))
    (fp_line (start 4.9 7.3) (end 4.9 6.8) (layer F.SilkS) (width 0.1))
    (fp_line (start -4.9 7.3) (end -4.4 7.3) (layer F.SilkS) (width 0.1))
    (fp_line (start -4.9 7.3) (end -4.9 6.8) (layer F.SilkS) (width 0.1))
    (fp_line (start 0 7.4) (end 0.5 7.4) (layer F.SilkS) (width 0.1))
    (fp_line (start 0 7.4) (end -0.5 7.4) (layer F.SilkS) (width 0.1))
    (fp_line (start 5.4 -7.4) (end 5.4 7.45) (layer F.CrtYd) (width 0.05))
    (fp_line (start 5.4 -7.4) (end -5.4 -7.4) (layer F.CrtYd) (width 0.05))
    (fp_line (start -5.4 -7.4) (end -5.4 7.45) (layer F.CrtYd) (width 0.05))
    (fp_line (start 5.4 7.45) (end -5.4 7.45) (layer F.CrtYd) (width 0.05))
    (fp_line (start -4.8 -6.4) (end -4.4 -6.8) (layer F.Fab) (width 0.1))
    (fp_line (start -4.4 -6.8) (end 4.8 -6.8) (layer F.Fab) (width 0.1))
    (fp_line (start -4.8 -6.4) (end -4.8 7.2) (layer F.Fab) (width 0.1))
    (fp_line (start -4.9 -6.4) (end -5.1 -6.4) (layer F.SilkS) (width 0.1))
    (fp_line (start -4.9 -6.45) (end -4.9 -6.4) (layer F.SilkS) (width 0.1))
    (fp_line (start -4.45 -6.9) (end -4.9 -6.45) (layer F.SilkS) (width 0.1))
    (fp_line (start -4.15 -6.9) (end -4.45 -6.9) (layer F.SilkS) (width 0.1))
    (pad 31 smd rect (at -2 -6.4 270) (size 0.7 1.5) (layers F.Cu F.Paste F.Mask)
      (net 4 GND))
    (pad 30 smd rect (at -1 -6.4 270) (size 0.7 1.5) (layers F.Cu F.Paste F.Mask)
      (net 63 "Net-(U3-Pad30)"))
    (pad 29 smd rect (at 0 -6.4 270) (size 0.7 1.5) (layers F.Cu F.Paste F.Mask)
      (net 37 "Net-(R6-Pad1)"))
    (pad 28 smd rect (at 1 -6.4 270) (size 0.7 1.5) (layers F.Cu F.Paste F.Mask)
      (net 64 "Net-(U3-Pad28)"))
    (pad 27 smd rect (at 2 -6.4 270) (size 0.7 1.5) (layers F.Cu F.Paste F.Mask)
      (net 4 GND))
    (pad 26 smd rect (at 4.4 -6 270) (size 1.5 0.7) (layers F.Cu F.Paste F.Mask)
      (net 65 "Net-(U3-Pad26)"))
    (pad 25 smd rect (at 4.4 -5 270) (size 1.5 0.7) (layers F.Cu F.Paste F.Mask)
      (net 66 "Net-(U3-Pad25)"))
    (pad 24 smd rect (at 4.4 -4 270) (size 1.5 0.7) (layers F.Cu F.Paste F.Mask)
      (net 67 "Net-(U3-Pad24)"))
    (pad 23 smd rect (at 4.4 -3 270) (size 1.5 0.7) (layers F.Cu F.Paste F.Mask)
      (net 68 "Net-(U3-Pad23)"))
    (pad 22 smd rect (at 4.4 -2 270) (size 1.5 0.7) (layers F.Cu F.Paste F.Mask)
      (net 4 GND))
    (pad 21 smd rect (at 4.4 -1 270) (size 1.5 0.7) (layers F.Cu F.Paste F.Mask)
      (net 4 GND))
    (pad 20 smd rect (at 4.4 0 270) (size 1.5 0.7) (layers F.Cu F.Paste F.Mask)
      (net 69 "Net-(U3-Pad20)"))
    (pad 19 smd rect (at 4.4 1 270) (size 1.5 0.7) (layers F.Cu F.Paste F.Mask)
      (net 4 GND))
    (pad 18 smd rect (at 4.4 2 270) (size 1.5 0.7) (layers F.Cu F.Paste F.Mask)
      (net 4 GND))
    (pad 17 smd rect (at 4.4 3 270) (size 1.5 0.7) (layers F.Cu F.Paste F.Mask)
      (net 70 "Net-(U3-Pad16)"))
    (pad 16 smd rect (at 4.4 4 270) (size 1.5 0.7) (layers F.Cu F.Paste F.Mask)
      (net 70 "Net-(U3-Pad16)"))
    (pad 15 smd rect (at 4.4 5 270) (size 1.5 0.7) (layers F.Cu F.Paste F.Mask)
      (net 4 GND))
    (pad 14 smd rect (at 4.4 6.15 270) (size 1.5 1) (layers F.Cu F.Paste F.Mask)
      (net 4 GND))
    (pad 13 smd rect (at -4.4 6.15 270) (size 1.5 1) (layers F.Cu F.Paste F.Mask)
      (net 4 GND))
    (pad 12 smd rect (at -4.4 5 270) (size 1.5 0.7) (layers F.Cu F.Paste F.Mask)
      (net 4 GND))
    (pad 11 smd rect (at -4.4 4 270) (size 1.5 0.7) (layers F.Cu F.Paste F.Mask)
      (net 4 GND))
    (pad 10 smd rect (at -4.4 3 270) (size 1.5 0.7) (layers F.Cu F.Paste F.Mask)
      (net 4 GND))
    (pad 9 smd rect (at -4.4 2 270) (size 1.5 0.7) (layers F.Cu F.Paste F.Mask)
      (net 7 +3V3))
    (pad 8 smd rect (at -4.4 1 270) (size 1.5 0.7) (layers F.Cu F.Paste F.Mask)
      (net 7 +3V3))
    (pad 7 smd rect (at -4.4 0 270) (size 1.5 0.7) (layers F.Cu F.Paste F.Mask)
      (net 31 5))
    (pad 6 smd rect (at -4.4 -1 270) (size 1.5 0.7) (layers F.Cu F.Paste F.Mask)
      (net 23 SCL))
    (pad 5 smd rect (at -4.4 -2 270) (size 1.5 0.7) (layers F.Cu F.Paste F.Mask)
      (net 4 GND))
    (pad 4 smd rect (at -4.4 -3 270) (size 1.5 0.7) (layers F.Cu F.Paste F.Mask)
      (net 4 GND))
    (pad 3 smd rect (at -4.4 -4 270) (size 1.5 0.7) (layers F.Cu F.Paste F.Mask)
      (net 22 SDA))
    (pad 2 smd rect (at -4.4 -5 270) (size 1.5 0.7) (layers F.Cu F.Paste F.Mask)
      (net 71 "Net-(U3-Pad2)"))
    (pad 1 smd rect (at -4.4 -6 270) (size 1.5 0.7) (layers F.Cu F.Paste F.Mask)
      (net 7 +3V3))
  )

  (module unsurv_offline_pcb_footprints:PogoPin_2_2mm_circular (layer F.Cu) (tedit 60CF7BD1) (tstamp 60CE1373)
    (at 34 45.5)
    (path /5F879317)
    (fp_text reference ANT1 (at 0.4 1.8) (layer F.SilkS)
      (effects (font (size 0.4 0.4) (thickness 0.08)))
    )
    (fp_text value ANT1 (at 0 5.25) (layer F.Fab)
      (effects (font (size 1 1) (thickness 0.15)))
    )
    (pad 1 smd circle (at 1.7 3.2) (size 2.2 2.2) (layers F.Cu F.Paste F.Mask)
      (net 1 ANT1))
  )

  (module unsurv_offline_pcb_footprints:PogoPin_2_2mm_circular (layer F.Cu) (tedit 60CF7BF9) (tstamp 60CE1378)
    (at 37 45.5)
    (path /5F884C06)
    (fp_text reference ANT2 (at 2.4 1.8 180) (layer F.SilkS)
      (effects (font (size 0.4 0.4) (thickness 0.08)))
    )
    (fp_text value ANT2 (at 0 5.25) (layer F.Fab)
      (effects (font (size 1 1) (thickness 0.15)))
    )
    (pad 1 smd circle (at 1.1 3.2) (size 2.2 2.2) (layers F.Cu F.Paste F.Mask)
      (net 2 ANT2))
  )

  (module TestPoint:TestPoint_Pad_D1.0mm (layer B.Cu) (tedit 5A0F774F) (tstamp 60CE1380)
    (at 46.1 29.4)
    (descr "SMD pad as test Point, diameter 1.0mm")
    (tags "test point SMD pad")
    (path /5F808F0F)
    (attr virtual)
    (fp_text reference + (at 1.3 0) (layer B.SilkS)
      (effects (font (size 0.4 0.4) (thickness 0.08)) (justify mirror))
    )
    (fp_text value + (at 0 -1.55) (layer B.Fab)
      (effects (font (size 1 1) (thickness 0.15)) (justify mirror))
    )
    (fp_text user %R (at 0 1.45) (layer B.Fab)
      (effects (font (size 1 1) (thickness 0.15)) (justify mirror))
    )
    (fp_circle (center 0 0) (end 1 0) (layer B.CrtYd) (width 0.05))
    (fp_circle (center 0 0) (end 0 -0.7) (layer B.SilkS) (width 0.12))
    (pad 1 smd circle (at 0 0) (size 1 1) (layers B.Cu B.Mask)
      (net 3 +BATT))
  )

  (module TestPoint:TestPoint_Pad_D1.0mm (layer B.Cu) (tedit 5A0F774F) (tstamp 60CE1388)
    (at 41.715001 29.394999)
    (descr "SMD pad as test Point, diameter 1.0mm")
    (tags "test point SMD pad")
    (path /5F807976)
    (attr virtual)
    (fp_text reference - (at -1.315001 0.005001) (layer B.SilkS)
      (effects (font (size 0.4 0.4) (thickness 0.08)) (justify mirror))
    )
    (fp_text value - (at 0 -1.55) (layer B.Fab)
      (effects (font (size 1 1) (thickness 0.15)) (justify mirror))
    )
    (fp_circle (center 0 0) (end 0 -0.7) (layer B.SilkS) (width 0.12))
    (fp_circle (center 0 0) (end 1 0) (layer B.CrtYd) (width 0.05))
    (fp_text user %R (at 0 1.45) (layer B.Fab)
      (effects (font (size 1 1) (thickness 0.15)) (justify mirror))
    )
    (pad 1 smd circle (at 0 0) (size 1 1) (layers B.Cu B.Mask)
      (net 4 GND))
  )

  (module Capacitor_SMD:C_0603_1608Metric (layer F.Cu) (tedit 5B301BBE) (tstamp 60CE1399)
    (at 43 34.9 270)
    (descr "Capacitor SMD 0603 (1608 Metric), square (rectangular) end terminal, IPC_7351 nominal, (Body size source: http://www.tortai-tech.com/upload/download/2011102023233369053.pdf), generated with kicad-footprint-generator")
    (tags capacitor)
    (path /5E32223A)
    (attr smd)
    (fp_text reference C2 (at -1.8 0.5 180) (layer F.SilkS)
      (effects (font (size 0.4 0.4) (thickness 0.08)))
    )
    (fp_text value 4.7yF (at 0 1.43 90) (layer F.Fab)
      (effects (font (size 1 1) (thickness 0.15)))
    )
    (fp_text user %R (at 0 0 90) (layer F.Fab)
      (effects (font (size 1 1) (thickness 0.15)))
    )
    (fp_line (start 1.48 0.73) (end -1.48 0.73) (layer F.CrtYd) (width 0.05))
    (fp_line (start 1.48 -0.73) (end 1.48 0.73) (layer F.CrtYd) (width 0.05))
    (fp_line (start -1.48 -0.73) (end 1.48 -0.73) (layer F.CrtYd) (width 0.05))
    (fp_line (start -1.48 0.73) (end -1.48 -0.73) (layer F.CrtYd) (width 0.05))
    (fp_line (start -0.162779 0.51) (end 0.162779 0.51) (layer F.SilkS) (width 0.12))
    (fp_line (start -0.162779 -0.51) (end 0.162779 -0.51) (layer F.SilkS) (width 0.12))
    (fp_line (start 0.8 0.4) (end -0.8 0.4) (layer F.Fab) (width 0.1))
    (fp_line (start 0.8 -0.4) (end 0.8 0.4) (layer F.Fab) (width 0.1))
    (fp_line (start -0.8 -0.4) (end 0.8 -0.4) (layer F.Fab) (width 0.1))
    (fp_line (start -0.8 0.4) (end -0.8 -0.4) (layer F.Fab) (width 0.1))
    (pad 2 smd roundrect (at 0.7875 0 270) (size 0.875 0.95) (layers F.Cu F.Paste F.Mask) (roundrect_rratio 0.25)
      (net 5 +5V))
    (pad 1 smd roundrect (at -0.7875 0 270) (size 0.875 0.95) (layers F.Cu F.Paste F.Mask) (roundrect_rratio 0.25)
      (net 4 GND))
    (model ${KISYS3DMOD}/Capacitor_SMD.3dshapes/C_0603_1608Metric.wrl
      (at (xyz 0 0 0))
      (scale (xyz 1 1 1))
      (rotate (xyz 0 0 0))
    )
  )

  (module Capacitor_SMD:C_0603_1608Metric (layer F.Cu) (tedit 5B301BBE) (tstamp 60CE13AA)
    (at 47.9 24.5 180)
    (descr "Capacitor SMD 0603 (1608 Metric), square (rectangular) end terminal, IPC_7351 nominal, (Body size source: http://www.tortai-tech.com/upload/download/2011102023233369053.pdf), generated with kicad-footprint-generator")
    (tags capacitor)
    (path /5F5D6662)
    (attr smd)
    (fp_text reference C8 (at 0 -1.1) (layer F.SilkS)
      (effects (font (size 0.4 0.4) (thickness 0.08)))
    )
    (fp_text value 1yF (at 0 1.43) (layer F.Fab)
      (effects (font (size 1 1) (thickness 0.15)))
    )
    (fp_line (start -0.8 0.4) (end -0.8 -0.4) (layer F.Fab) (width 0.1))
    (fp_line (start -0.8 -0.4) (end 0.8 -0.4) (layer F.Fab) (width 0.1))
    (fp_line (start 0.8 -0.4) (end 0.8 0.4) (layer F.Fab) (width 0.1))
    (fp_line (start 0.8 0.4) (end -0.8 0.4) (layer F.Fab) (width 0.1))
    (fp_line (start -0.162779 -0.51) (end 0.162779 -0.51) (layer F.SilkS) (width 0.12))
    (fp_line (start -0.162779 0.51) (end 0.162779 0.51) (layer F.SilkS) (width 0.12))
    (fp_line (start -1.48 0.73) (end -1.48 -0.73) (layer F.CrtYd) (width 0.05))
    (fp_line (start -1.48 -0.73) (end 1.48 -0.73) (layer F.CrtYd) (width 0.05))
    (fp_line (start 1.48 -0.73) (end 1.48 0.73) (layer F.CrtYd) (width 0.05))
    (fp_line (start 1.48 0.73) (end -1.48 0.73) (layer F.CrtYd) (width 0.05))
    (fp_text user %R (at 0 0) (layer F.Fab)
      (effects (font (size 1 1) (thickness 0.15)))
    )
    (pad 1 smd roundrect (at -0.7875 0 180) (size 0.875 0.95) (layers F.Cu F.Paste F.Mask) (roundrect_rratio 0.25)
      (net 4 GND))
    (pad 2 smd roundrect (at 0.7875 0 180) (size 0.875 0.95) (layers F.Cu F.Paste F.Mask) (roundrect_rratio 0.25)
      (net 40 "Net-(C8-Pad2)"))
    (model ${KISYS3DMOD}/Capacitor_SMD.3dshapes/C_0603_1608Metric.wrl
      (at (xyz 0 0 0))
      (scale (xyz 1 1 1))
      (rotate (xyz 0 0 0))
    )
  )

  (module Capacitor_SMD:C_0603_1608Metric (layer F.Cu) (tedit 5B301BBE) (tstamp 60CE13BB)
    (at 47.9 29.8 180)
    (descr "Capacitor SMD 0603 (1608 Metric), square (rectangular) end terminal, IPC_7351 nominal, (Body size source: http://www.tortai-tech.com/upload/download/2011102023233369053.pdf), generated with kicad-footprint-generator")
    (tags capacitor)
    (path /5E320DA1)
    (attr smd)
    (fp_text reference C1 (at 0 -1.1) (layer F.SilkS)
      (effects (font (size 0.4 0.4) (thickness 0.08)))
    )
    (fp_text value 4.7yF (at 0 1.43) (layer F.Fab)
      (effects (font (size 1 1) (thickness 0.15)))
    )
    (fp_line (start -0.8 0.4) (end -0.8 -0.4) (layer F.Fab) (width 0.1))
    (fp_line (start -0.8 -0.4) (end 0.8 -0.4) (layer F.Fab) (width 0.1))
    (fp_line (start 0.8 -0.4) (end 0.8 0.4) (layer F.Fab) (width 0.1))
    (fp_line (start 0.8 0.4) (end -0.8 0.4) (layer F.Fab) (width 0.1))
    (fp_line (start -0.162779 -0.51) (end 0.162779 -0.51) (layer F.SilkS) (width 0.12))
    (fp_line (start -0.162779 0.51) (end 0.162779 0.51) (layer F.SilkS) (width 0.12))
    (fp_line (start -1.48 0.73) (end -1.48 -0.73) (layer F.CrtYd) (width 0.05))
    (fp_line (start -1.48 -0.73) (end 1.48 -0.73) (layer F.CrtYd) (width 0.05))
    (fp_line (start 1.48 -0.73) (end 1.48 0.73) (layer F.CrtYd) (width 0.05))
    (fp_line (start 1.48 0.73) (end -1.48 0.73) (layer F.CrtYd) (width 0.05))
    (fp_text user %R (at 0 0) (layer F.Fab)
      (effects (font (size 1 1) (thickness 0.15)))
    )
    (pad 1 smd roundrect (at -0.7875 0 180) (size 0.875 0.95) (layers F.Cu F.Paste F.Mask) (roundrect_rratio 0.25)
      (net 4 GND))
    (pad 2 smd roundrect (at 0.7875 0 180) (size 0.875 0.95) (layers F.Cu F.Paste F.Mask) (roundrect_rratio 0.25)
      (net 3 +BATT))
    (model ${KISYS3DMOD}/Capacitor_SMD.3dshapes/C_0603_1608Metric.wrl
      (at (xyz 0 0 0))
      (scale (xyz 1 1 1))
      (rotate (xyz 0 0 0))
    )
  )

  (module Capacitor_SMD:C_0603_1608Metric (layer F.Cu) (tedit 5B301BBE) (tstamp 60CE13CC)
    (at 38.4 62.2 180)
    (descr "Capacitor SMD 0603 (1608 Metric), square (rectangular) end terminal, IPC_7351 nominal, (Body size source: http://www.tortai-tech.com/upload/download/2011102023233369053.pdf), generated with kicad-footprint-generator")
    (tags capacitor)
    (path /5F1D1B83)
    (attr smd)
    (fp_text reference C4 (at -1.9 0) (layer F.SilkS)
      (effects (font (size 0.4 0.4) (thickness 0.08)))
    )
    (fp_text value 100nF (at 0 1.43) (layer F.Fab)
      (effects (font (size 1 1) (thickness 0.15)))
    )
    (fp_line (start -0.8 0.4) (end -0.8 -0.4) (layer F.Fab) (width 0.1))
    (fp_line (start -0.8 -0.4) (end 0.8 -0.4) (layer F.Fab) (width 0.1))
    (fp_line (start 0.8 -0.4) (end 0.8 0.4) (layer F.Fab) (width 0.1))
    (fp_line (start 0.8 0.4) (end -0.8 0.4) (layer F.Fab) (width 0.1))
    (fp_line (start -0.162779 -0.51) (end 0.162779 -0.51) (layer F.SilkS) (width 0.12))
    (fp_line (start -0.162779 0.51) (end 0.162779 0.51) (layer F.SilkS) (width 0.12))
    (fp_line (start -1.48 0.73) (end -1.48 -0.73) (layer F.CrtYd) (width 0.05))
    (fp_line (start -1.48 -0.73) (end 1.48 -0.73) (layer F.CrtYd) (width 0.05))
    (fp_line (start 1.48 -0.73) (end 1.48 0.73) (layer F.CrtYd) (width 0.05))
    (fp_line (start 1.48 0.73) (end -1.48 0.73) (layer F.CrtYd) (width 0.05))
    (fp_text user %R (at 0 0) (layer F.Fab)
      (effects (font (size 1 1) (thickness 0.15)))
    )
    (pad 1 smd roundrect (at -0.7875 0 180) (size 0.875 0.95) (layers F.Cu F.Paste F.Mask) (roundrect_rratio 0.25)
      (net 6 RESET))
    (pad 2 smd roundrect (at 0.7875 0 180) (size 0.875 0.95) (layers F.Cu F.Paste F.Mask) (roundrect_rratio 0.25)
      (net 4 GND))
    (model ${KISYS3DMOD}/Capacitor_SMD.3dshapes/C_0603_1608Metric.wrl
      (at (xyz 0 0 0))
      (scale (xyz 1 1 1))
      (rotate (xyz 0 0 0))
    )
  )

  (module Capacitor_SMD:C_0603_1608Metric (layer F.Cu) (tedit 5B301BBE) (tstamp 60CE13DD)
    (at 41.3 21.6 270)
    (descr "Capacitor SMD 0603 (1608 Metric), square (rectangular) end terminal, IPC_7351 nominal, (Body size source: http://www.tortai-tech.com/upload/download/2011102023233369053.pdf), generated with kicad-footprint-generator")
    (tags capacitor)
    (path /5F5F467E)
    (attr smd)
    (fp_text reference C6 (at 0 1.5 180) (layer F.SilkS)
      (effects (font (size 0.4 0.4) (thickness 0.08)))
    )
    (fp_text value 1yF (at 0 1.43 90) (layer F.Fab)
      (effects (font (size 1 1) (thickness 0.15)))
    )
    (fp_text user %R (at 0 0 90) (layer F.Fab)
      (effects (font (size 1 1) (thickness 0.15)))
    )
    (fp_line (start 1.48 0.73) (end -1.48 0.73) (layer F.CrtYd) (width 0.05))
    (fp_line (start 1.48 -0.73) (end 1.48 0.73) (layer F.CrtYd) (width 0.05))
    (fp_line (start -1.48 -0.73) (end 1.48 -0.73) (layer F.CrtYd) (width 0.05))
    (fp_line (start -1.48 0.73) (end -1.48 -0.73) (layer F.CrtYd) (width 0.05))
    (fp_line (start -0.162779 0.51) (end 0.162779 0.51) (layer F.SilkS) (width 0.12))
    (fp_line (start -0.162779 -0.51) (end 0.162779 -0.51) (layer F.SilkS) (width 0.12))
    (fp_line (start 0.8 0.4) (end -0.8 0.4) (layer F.Fab) (width 0.1))
    (fp_line (start 0.8 -0.4) (end 0.8 0.4) (layer F.Fab) (width 0.1))
    (fp_line (start -0.8 -0.4) (end 0.8 -0.4) (layer F.Fab) (width 0.1))
    (fp_line (start -0.8 0.4) (end -0.8 -0.4) (layer F.Fab) (width 0.1))
    (pad 2 smd roundrect (at 0.7875 0 270) (size 0.875 0.95) (layers F.Cu F.Paste F.Mask) (roundrect_rratio 0.25)
      (net 7 +3V3))
    (pad 1 smd roundrect (at -0.7875 0 270) (size 0.875 0.95) (layers F.Cu F.Paste F.Mask) (roundrect_rratio 0.25)
      (net 4 GND))
    (model ${KISYS3DMOD}/Capacitor_SMD.3dshapes/C_0603_1608Metric.wrl
      (at (xyz 0 0 0))
      (scale (xyz 1 1 1))
      (rotate (xyz 0 0 0))
    )
  )

  (module Capacitor_SMD:C_0603_1608Metric (layer F.Cu) (tedit 5B301BBE) (tstamp 60CE13EE)
    (at 41.3 24.7 90)
    (descr "Capacitor SMD 0603 (1608 Metric), square (rectangular) end terminal, IPC_7351 nominal, (Body size source: http://www.tortai-tech.com/upload/download/2011102023233369053.pdf), generated with kicad-footprint-generator")
    (tags capacitor)
    (path /5F70EA42)
    (attr smd)
    (fp_text reference C7 (at 0 -1.5 180) (layer F.SilkS)
      (effects (font (size 0.4 0.4) (thickness 0.08)))
    )
    (fp_text value 10yF (at 0 1.43 90) (layer F.Fab)
      (effects (font (size 1 1) (thickness 0.15)))
    )
    (fp_line (start -0.8 0.4) (end -0.8 -0.4) (layer F.Fab) (width 0.1))
    (fp_line (start -0.8 -0.4) (end 0.8 -0.4) (layer F.Fab) (width 0.1))
    (fp_line (start 0.8 -0.4) (end 0.8 0.4) (layer F.Fab) (width 0.1))
    (fp_line (start 0.8 0.4) (end -0.8 0.4) (layer F.Fab) (width 0.1))
    (fp_line (start -0.162779 -0.51) (end 0.162779 -0.51) (layer F.SilkS) (width 0.12))
    (fp_line (start -0.162779 0.51) (end 0.162779 0.51) (layer F.SilkS) (width 0.12))
    (fp_line (start -1.48 0.73) (end -1.48 -0.73) (layer F.CrtYd) (width 0.05))
    (fp_line (start -1.48 -0.73) (end 1.48 -0.73) (layer F.CrtYd) (width 0.05))
    (fp_line (start 1.48 -0.73) (end 1.48 0.73) (layer F.CrtYd) (width 0.05))
    (fp_line (start 1.48 0.73) (end -1.48 0.73) (layer F.CrtYd) (width 0.05))
    (fp_text user %R (at 0 0 90) (layer F.Fab)
      (effects (font (size 1 1) (thickness 0.15)))
    )
    (pad 1 smd roundrect (at -0.7875 0 90) (size 0.875 0.95) (layers F.Cu F.Paste F.Mask) (roundrect_rratio 0.25)
      (net 4 GND))
    (pad 2 smd roundrect (at 0.7875 0 90) (size 0.875 0.95) (layers F.Cu F.Paste F.Mask) (roundrect_rratio 0.25)
      (net 7 +3V3))
    (model ${KISYS3DMOD}/Capacitor_SMD.3dshapes/C_0603_1608Metric.wrl
      (at (xyz 0 0 0))
      (scale (xyz 1 1 1))
      (rotate (xyz 0 0 0))
    )
  )

  (module Capacitor_SMD:C_0603_1608Metric (layer F.Cu) (tedit 5B301BBE) (tstamp 60D12201)
    (at 46.25 48)
    (descr "Capacitor SMD 0603 (1608 Metric), square (rectangular) end terminal, IPC_7351 nominal, (Body size source: http://www.tortai-tech.com/upload/download/2011102023233369053.pdf), generated with kicad-footprint-generator")
    (tags capacitor)
    (path /60F02DDB)
    (attr smd)
    (fp_text reference C13 (at 2.15 0) (layer F.SilkS)
      (effects (font (size 0.4 0.4) (thickness 0.08)))
    )
    (fp_text value 100nF (at 0 1.43) (layer F.Fab)
      (effects (font (size 1 1) (thickness 0.15)))
    )
    (fp_line (start -0.8 0.4) (end -0.8 -0.4) (layer F.Fab) (width 0.1))
    (fp_line (start -0.8 -0.4) (end 0.8 -0.4) (layer F.Fab) (width 0.1))
    (fp_line (start 0.8 -0.4) (end 0.8 0.4) (layer F.Fab) (width 0.1))
    (fp_line (start 0.8 0.4) (end -0.8 0.4) (layer F.Fab) (width 0.1))
    (fp_line (start -0.162779 -0.51) (end 0.162779 -0.51) (layer F.SilkS) (width 0.12))
    (fp_line (start -0.162779 0.51) (end 0.162779 0.51) (layer F.SilkS) (width 0.12))
    (fp_line (start -1.48 0.73) (end -1.48 -0.73) (layer F.CrtYd) (width 0.05))
    (fp_line (start -1.48 -0.73) (end 1.48 -0.73) (layer F.CrtYd) (width 0.05))
    (fp_line (start 1.48 -0.73) (end 1.48 0.73) (layer F.CrtYd) (width 0.05))
    (fp_line (start 1.48 0.73) (end -1.48 0.73) (layer F.CrtYd) (width 0.05))
    (fp_text user %R (at 0 0) (layer F.Fab)
      (effects (font (size 1 1) (thickness 0.15)))
    )
    (pad 1 smd roundrect (at -0.7875 0) (size 0.875 0.95) (layers F.Cu F.Paste F.Mask) (roundrect_rratio 0.25)
      (net 7 +3V3))
    (pad 2 smd roundrect (at 0.7875 0) (size 0.875 0.95) (layers F.Cu F.Paste F.Mask) (roundrect_rratio 0.25)
      (net 4 GND))
    (model ${KISYS3DMOD}/Capacitor_SMD.3dshapes/C_0603_1608Metric.wrl
      (at (xyz 0 0 0))
      (scale (xyz 1 1 1))
      (rotate (xyz 0 0 0))
    )
  )

  (module Capacitor_SMD:C_0603_1608Metric (layer F.Cu) (tedit 5B301BBE) (tstamp 60CE1421)
    (at 46.1 53.7 270)
    (descr "Capacitor SMD 0603 (1608 Metric), square (rectangular) end terminal, IPC_7351 nominal, (Body size source: http://www.tortai-tech.com/upload/download/2011102023233369053.pdf), generated with kicad-footprint-generator")
    (tags capacitor)
    (path /60EB3AB1)
    (attr smd)
    (fp_text reference C12 (at 0 -1.7 180) (layer F.SilkS)
      (effects (font (size 0.4 0.4) (thickness 0.08)))
    )
    (fp_text value 100nF (at 0 1.43 90) (layer F.Fab)
      (effects (font (size 1 1) (thickness 0.15)))
    )
    (fp_text user %R (at 0 0 90) (layer F.Fab)
      (effects (font (size 1 1) (thickness 0.15)))
    )
    (fp_line (start 1.48 0.73) (end -1.48 0.73) (layer F.CrtYd) (width 0.05))
    (fp_line (start 1.48 -0.73) (end 1.48 0.73) (layer F.CrtYd) (width 0.05))
    (fp_line (start -1.48 -0.73) (end 1.48 -0.73) (layer F.CrtYd) (width 0.05))
    (fp_line (start -1.48 0.73) (end -1.48 -0.73) (layer F.CrtYd) (width 0.05))
    (fp_line (start -0.162779 0.51) (end 0.162779 0.51) (layer F.SilkS) (width 0.12))
    (fp_line (start -0.162779 -0.51) (end 0.162779 -0.51) (layer F.SilkS) (width 0.12))
    (fp_line (start 0.8 0.4) (end -0.8 0.4) (layer F.Fab) (width 0.1))
    (fp_line (start 0.8 -0.4) (end 0.8 0.4) (layer F.Fab) (width 0.1))
    (fp_line (start -0.8 -0.4) (end 0.8 -0.4) (layer F.Fab) (width 0.1))
    (fp_line (start -0.8 0.4) (end -0.8 -0.4) (layer F.Fab) (width 0.1))
    (pad 2 smd roundrect (at 0.7875 0 270) (size 0.875 0.95) (layers F.Cu F.Paste F.Mask) (roundrect_rratio 0.25)
      (net 4 GND))
    (pad 1 smd roundrect (at -0.7875 0 270) (size 0.875 0.95) (layers F.Cu F.Paste F.Mask) (roundrect_rratio 0.25)
      (net 7 +3V3))
    (model ${KISYS3DMOD}/Capacitor_SMD.3dshapes/C_0603_1608Metric.wrl
      (at (xyz 0 0 0))
      (scale (xyz 1 1 1))
