(kicad_pcb (version 20171130) (host pcbnew "(5.1.5)-3")

  (general
    (thickness 1.6)
    (drawings 0)
    (tracks 0)
    (zones 0)
    (modules 38)
    (nets 80)
  )

  (page A4)
  (layers
    (0 F.Cu signal)
    (31 B.Cu signal)
    (32 B.Adhes user)
    (33 F.Adhes user)
    (34 B.Paste user)
    (35 F.Paste user)
    (36 B.SilkS user)
    (37 F.SilkS user)
    (38 B.Mask user)
    (39 F.Mask user)
    (40 Dwgs.User user)
    (41 Cmts.User user)
    (42 Eco1.User user)
    (43 Eco2.User user)
    (44 Edge.Cuts user)
    (45 Margin user)
    (46 B.CrtYd user)
    (47 F.CrtYd user)
    (48 B.Fab user)
    (49 F.Fab user)
  )

  (setup
    (last_trace_width 0.25)
    (user_trace_width 0.5)
    (user_trace_width 1)
    (trace_clearance 0.2)
    (zone_clearance 0.508)
    (zone_45_only no)
    (trace_min 0.2)
    (via_size 0.8)
    (via_drill 0.4)
    (via_min_size 0.4)
    (via_min_drill 0.3)
    (uvia_size 0.3)
    (uvia_drill 0.1)
    (uvias_allowed no)
    (uvia_min_size 0.2)
    (uvia_min_drill 0.1)
    (edge_width 0.05)
    (segment_width 0.2)
    (pcb_text_width 0.3)
    (pcb_text_size 1.5 1.5)
    (mod_edge_width 0.12)
    (mod_text_size 1 1)
    (mod_text_width 0.15)
    (pad_size 1.524 1.524)
    (pad_drill 0.762)
    (pad_to_mask_clearance 0.051)
    (solder_mask_min_width 0.25)
    (aux_axis_origin 0 0)
    (visible_elements 7FFFFFFF)
    (pcbplotparams
      (layerselection 0x010fc_ffffffff)
      (usegerberextensions false)
      (usegerberattributes false)
      (usegerberadvancedattributes false)
      (creategerberjobfile false)
      (excludeedgelayer true)
      (linewidth 0.100000)
      (plotframeref false)
      (viasonmask false)
      (mode 1)
      (useauxorigin false)
      (hpglpennumber 1)
      (hpglpenspeed 20)
      (hpglpendiameter 15.000000)
      (psnegative false)
      (psa4output false)
      (plotreference true)
      (plotvalue true)
      (plotinvisibletext false)
      (padsonsilk false)
      (subtractmaskfromsilk false)
      (outputformat 1)
      (mirror false)
      (drillshape 1)
      (scaleselection 1)
      (outputdirectory ""))
  )

  (net 0 "")
  (net 1 GND)
  (net 2 +5V)
  (net 3 "Net-(C2-Pad1)")
  (net 4 +BATT)
  (net 5 "Net-(C5-Pad1)")
  (net 6 +3V3)
  (net 7 "Net-(C9-Pad1)")
  (net 8 "Net-(C10-Pad1)")
  (net 9 "Net-(CARD1-Pad1)")
  (net 10 4)
  (net 11 23)
  (net 12 18)
  (net 13 19)
  (net 14 "Net-(CARD1-Pad8)")
  (net 15 "Net-(D3-Pad1)")
  (net 16 "Net-(D3-Pad2)")
  (net 17 "Net-(J1-PadSH)")
  (net 18 D-)
  (net 19 D+)
  (net 20 "Net-(J1-Pad4)")
  (net 21 SDA)
  (net 22 SCL)
  (net 23 12)
  (net 24 13)
  (net 25 14)
  (net 26 15)
  (net 27 RTS)
  (net 28 DTR)
  (net 29 0)
  (net 30 EN)
  (net 31 "Net-(R1-Pad1)")
  (net 32 "Net-(R7-Pad2)")
  (net 33 BATTALARM)
  (net 34 "Net-(U4-Pad3)")
  (net 35 "Net-(U4-Pad4)")
  (net 36 "Net-(U4-Pad5)")
  (net 37 "Net-(U4-Pad6)")
  (net 38 "Net-(U4-Pad2)")
  (net 39 "Net-(U4-Pad16)")
  (net 40 "Net-(U4-Pad17)")
  (net 41 "Net-(U4-Pad15)")
  (net 42 "Net-(U4-Pad14)")
  (net 43 "Net-(U4-Pad9)")
  (net 44 "Net-(U4-Pad7)")
  (net 45 "Net-(U4-Pad11)")
  (net 46 ACC_INT)
  (net 47 "Net-(U4-Pad22)")
  (net 48 "Net-(U4-Pad21)")
  (net 49 "Net-(U4-Pad19)")
  (net 50 "Net-(U5-Pad4)")
  (net 51 "Net-(U5-Pad5)")
  (net 52 "Net-(U5-Pad6)")
  (net 53 "Net-(U5-Pad7)")
  (net 54 "Net-(U5-Pad8)")
  (net 55 "Net-(U5-Pad9)")
  (net 56 "Net-(U5-Pad11)")
  (net 57 "Net-(U5-Pad12)")
  (net 58 "Net-(U5-Pad17)")
  (net 59 "Net-(U5-Pad18)")
  (net 60 "Net-(U5-Pad19)")
  (net 61 "Net-(U5-Pad20)")
  (net 62 "Net-(U5-Pad21)")
  (net 63 "Net-(U5-Pad22)")
  (net 64 "Net-(U5-Pad29)")
  (net 65 "Net-(U5-Pad32)")
  (net 66 RX0)
  (net 67 TX0)
  (net 68 "Net-(U6-Pad7)")
  (net 69 "Net-(U6-Pad8)")
  (net 70 "Net-(U6-Pad9)")
  (net 71 "Net-(U6-Pad10)")
  (net 72 "Net-(U6-Pad11)")
  (net 73 "Net-(U6-Pad12)")
  (net 74 "Net-(U6-Pad15)")
  (net 75 16)
  (net 76 17)
  (net 77 "Net-(U7-Pad7)")
  (net 78 "Net-(U7-Pad8)")
  (net 79 "Net-(U7-Pad18)")

  (net_class Default "This is the default net class."
    (clearance 0.2)
    (trace_width 0.25)
    (via_dia 0.8)
    (via_drill 0.4)
    (uvia_dia 0.3)
    (uvia_drill 0.1)
    (add_net +3V3)
    (add_net +5V)
    (add_net +BATT)
    (add_net 0)
    (add_net 12)
    (add_net 13)
    (add_net 14)
    (add_net 15)
    (add_net 16)
    (add_net 17)
    (add_net 18)
    (add_net 19)
    (add_net 23)
    (add_net 4)
    (add_net ACC_INT)
    (add_net BATTALARM)
    (add_net D+)
    (add_net D-)
    (add_net DTR)
    (add_net EN)
    (add_net GND)
    (add_net "Net-(C10-Pad1)")
    (add_net "Net-(C2-Pad1)")
    (add_net "Net-(C5-Pad1)")
    (add_net "Net-(C9-Pad1)")
    (add_net "Net-(CARD1-Pad1)")
    (add_net "Net-(CARD1-Pad8)")
    (add_net "Net-(D3-Pad1)")
    (add_net "Net-(D3-Pad2)")
    (add_net "Net-(J1-Pad4)")
    (add_net "Net-(J1-PadSH)")
    (add_net "Net-(R1-Pad1)")
    (add_net "Net-(R7-Pad2)")
    (add_net "Net-(U4-Pad11)")
    (add_net "Net-(U4-Pad14)")
    (add_net "Net-(U4-Pad15)")
    (add_net "Net-(U4-Pad16)")
    (add_net "Net-(U4-Pad17)")
    (add_net "Net-(U4-Pad19)")
    (add_net "Net-(U4-Pad2)")
    (add_net "Net-(U4-Pad21)")
    (add_net "Net-(U4-Pad22)")
    (add_net "Net-(U4-Pad3)")
    (add_net "Net-(U4-Pad4)")
    (add_net "Net-(U4-Pad5)")
    (add_net "Net-(U4-Pad6)")
    (add_net "Net-(U4-Pad7)")
    (add_net "Net-(U4-Pad9)")
    (add_net "Net-(U5-Pad11)")
    (add_net "Net-(U5-Pad12)")
    (add_net "Net-(U5-Pad17)")
    (add_net "Net-(U5-Pad18)")
    (add_net "Net-(U5-Pad19)")
    (add_net "Net-(U5-Pad20)")
    (add_net "Net-(U5-Pad21)")
    (add_net "Net-(U5-Pad22)")
    (add_net "Net-(U5-Pad29)")
    (add_net "Net-(U5-Pad32)")
    (add_net "Net-(U5-Pad4)")
    (add_net "Net-(U5-Pad5)")
    (add_net "Net-(U5-Pad6)")
    (add_net "Net-(U5-Pad7)")
    (add_net "Net-(U5-Pad8)")
    (add_net "Net-(U5-Pad9)")
    (add_net "Net-(U6-Pad10)")
    (add_net "Net-(U6-Pad11)")
    (add_net "Net-(U6-Pad12)")
    (add_net "Net-(U6-Pad15)")
    (add_net "Net-(U6-Pad7)")
    (add_net "Net-(U6-Pad8)")
    (add_net "Net-(U6-Pad9)")
    (add_net "Net-(U7-Pad18)")
    (add_net "Net-(U7-Pad7)")
    (add_net "Net-(U7-Pad8)")
    (add_net RTS)
    (add_net RX0)
    (add_net SCL)
    (add_net SDA)
    (add_net TX0)
  )

  (module Capacitor_SMD:C_0603_1608Metric (layer F.Cu) (tedit 5B301BBE) (tstamp 5EF7CD6C)
    (at 86.275001 43.445001)
    (descr "Capacitor SMD 0603 (1608 Metric), square (rectangular) end terminal, IPC_7351 nominal, (Body size source: http://www.tortai-tech.com/upload/download/2011102023233369053.pdf), generated with kicad-footprint-generator")
    (tags capacitor)
    (path /5E32223A)
    (attr smd)
    (fp_text reference C1 (at 0 -1.43) (layer F.SilkS)
      (effects (font (size 1 1) (thickness 0.15)))
    )
    (fp_text value 4.7yF (at 0 1.43) (layer F.Fab)
      (effects (font (size 1 1) (thickness 0.15)))
    )
    (fp_line (start -0.8 0.4) (end -0.8 -0.4) (layer F.Fab) (width 0.1))
    (fp_line (start -0.8 -0.4) (end 0.8 -0.4) (layer F.Fab) (width 0.1))
    (fp_line (start 0.8 -0.4) (end 0.8 0.4) (layer F.Fab) (width 0.1))
    (fp_line (start 0.8 0.4) (end -0.8 0.4) (layer F.Fab) (width 0.1))
    (fp_line (start -0.162779 -0.51) (end 0.162779 -0.51) (layer F.SilkS) (width 0.12))
    (fp_line (start -0.162779 0.51) (end 0.162779 0.51) (layer F.SilkS) (width 0.12))
    (fp_line (start -1.48 0.73) (end -1.48 -0.73) (layer F.CrtYd) (width 0.05))
    (fp_line (start -1.48 -0.73) (end 1.48 -0.73) (layer F.CrtYd) (width 0.05))
    (fp_line (start 1.48 -0.73) (end 1.48 0.73) (layer F.CrtYd) (width 0.05))
    (fp_line (start 1.48 0.73) (end -1.48 0.73) (layer F.CrtYd) (width 0.05))
    (fp_text user %R (at 0 0) (layer F.Fab)
      (effects (font (size 0.4 0.4) (thickness 0.06)))
    )
    (pad 1 smd roundrect (at -0.7875 0) (size 0.875 0.95) (layers F.Cu F.Paste F.Mask) (roundrect_rratio 0.25)
      (net 1 GND))
    (pad 2 smd roundrect (at 0.7875 0) (size 0.875 0.95) (layers F.Cu F.Paste F.Mask) (roundrect_rratio 0.25)
      (net 2 +5V))
    (model ${KISYS3DMOD}/Capacitor_SMD.3dshapes/C_0603_1608Metric.wrl
      (at (xyz 0 0 0))
      (scale (xyz 1 1 1))
      (rotate (xyz 0 0 0))
    )
  )

  (module Capacitor_SMD:C_0603_1608Metric (layer F.Cu) (tedit 5B301BBE) (tstamp 5EF7CD7D)
    (at 82.405001 50.825001)
    (descr "Capacitor SMD 0603 (1608 Metric), square (rectangular) end terminal, IPC_7351 nominal, (Body size source: http://www.tortai-tech.com/upload/download/2011102023233369053.pdf), generated with kicad-footprint-generator")
    (tags capacitor)
    (path /5EFA7F35)
    (attr smd)
    (fp_text reference C2 (at 0 -1.43) (layer F.SilkS)
      (effects (font (size 1 1) (thickness 0.15)))
    )
    (fp_text value 100nF (at 0 1.43) (layer F.Fab)
      (effects (font (size 1 1) (thickness 0.15)))
    )
    (fp_line (start -0.8 0.4) (end -0.8 -0.4) (layer F.Fab) (width 0.1))
    (fp_line (start -0.8 -0.4) (end 0.8 -0.4) (layer F.Fab) (width 0.1))
    (fp_line (start 0.8 -0.4) (end 0.8 0.4) (layer F.Fab) (width 0.1))
    (fp_line (start 0.8 0.4) (end -0.8 0.4) (layer F.Fab) (width 0.1))
    (fp_line (start -0.162779 -0.51) (end 0.162779 -0.51) (layer F.SilkS) (width 0.12))
    (fp_line (start -0.162779 0.51) (end 0.162779 0.51) (layer F.SilkS) (width 0.12))
    (fp_line (start -1.48 0.73) (end -1.48 -0.73) (layer F.CrtYd) (width 0.05))
    (fp_line (start -1.48 -0.73) (end 1.48 -0.73) (layer F.CrtYd) (width 0.05))
    (fp_line (start 1.48 -0.73) (end 1.48 0.73) (layer F.CrtYd) (width 0.05))
    (fp_line (start 1.48 0.73) (end -1.48 0.73) (layer F.CrtYd) (width 0.05))
    (fp_text user %R (at 0 0) (layer F.Fab)
      (effects (font (size 0.4 0.4) (thickness 0.06)))
    )
    (pad 1 smd roundrect (at -0.7875 0) (size 0.875 0.95) (layers F.Cu F.Paste F.Mask) (roundrect_rratio 0.25)
      (net 3 "Net-(C2-Pad1)"))
    (pad 2 smd roundrect (at 0.7875 0) (size 0.875 0.95) (layers F.Cu F.Paste F.Mask) (roundrect_rratio 0.25)
      (net 1 GND))
    (model ${KISYS3DMOD}/Capacitor_SMD.3dshapes/C_0603_1608Metric.wrl
      (at (xyz 0 0 0))
      (scale (xyz 1 1 1))
      (rotate (xyz 0 0 0))
    )
  )

  (module Capacitor_SMD:C_0603_1608Metric (layer F.Cu) (tedit 5B301BBE) (tstamp 5EF7CD8E)
    (at 54.425001 59.555001)
    (descr "Capacitor SMD 0603 (1608 Metric), square (rectangular) end terminal, IPC_7351 nominal, (Body size source: http://www.tortai-tech.com/upload/download/2011102023233369053.pdf), generated with kicad-footprint-generator")
    (tags capacitor)
    (path /5EFA7F2F)
    (attr smd)
    (fp_text reference C3 (at 0 -1.43) (layer F.SilkS)
      (effects (font (size 1 1) (thickness 0.15)))
    )
    (fp_text value 1yF (at 0 1.43) (layer F.Fab)
      (effects (font (size 1 1) (thickness 0.15)))
    )
    (fp_text user %R (at 0 0) (layer F.Fab)
      (effects (font (size 0.4 0.4) (thickness 0.06)))
    )
    (fp_line (start 1.48 0.73) (end -1.48 0.73) (layer F.CrtYd) (width 0.05))
    (fp_line (start 1.48 -0.73) (end 1.48 0.73) (layer F.CrtYd) (width 0.05))
    (fp_line (start -1.48 -0.73) (end 1.48 -0.73) (layer F.CrtYd) (width 0.05))
    (fp_line (start -1.48 0.73) (end -1.48 -0.73) (layer F.CrtYd) (width 0.05))
    (fp_line (start -0.162779 0.51) (end 0.162779 0.51) (layer F.SilkS) (width 0.12))
    (fp_line (start -0.162779 -0.51) (end 0.162779 -0.51) (layer F.SilkS) (width 0.12))
    (fp_line (start 0.8 0.4) (end -0.8 0.4) (layer F.Fab) (width 0.1))
    (fp_line (start 0.8 -0.4) (end 0.8 0.4) (layer F.Fab) (width 0.1))
    (fp_line (start -0.8 -0.4) (end 0.8 -0.4) (layer F.Fab) (width 0.1))
    (fp_line (start -0.8 0.4) (end -0.8 -0.4) (layer F.Fab) (width 0.1))
    (pad 2 smd roundrect (at 0.7875 0) (size 0.875 0.95) (layers F.Cu F.Paste F.Mask) (roundrect_rratio 0.25)
      (net 1 GND))
    (pad 1 smd roundrect (at -0.7875 0) (size 0.875 0.95) (layers F.Cu F.Paste F.Mask) (roundrect_rratio 0.25)
      (net 3 "Net-(C2-Pad1)"))
    (model ${KISYS3DMOD}/Capacitor_SMD.3dshapes/C_0603_1608Metric.wrl
      (at (xyz 0 0 0))
      (scale (xyz 1 1 1))
      (rotate (xyz 0 0 0))
    )
  )

  (module Capacitor_SMD:C_0603_1608Metric (layer F.Cu) (tedit 5B301BBE) (tstamp 5EF7CD9F)
    (at 93.095001 39.045001)
    (descr "Capacitor SMD 0603 (1608 Metric), square (rectangular) end terminal, IPC_7351 nominal, (Body size source: http://www.tortai-tech.com/upload/download/2011102023233369053.pdf), generated with kicad-footprint-generator")
    (tags capacitor)
    (path /5E320DA1)
    (attr smd)
    (fp_text reference C4 (at 0 -1.43) (layer F.SilkS)
      (effects (font (size 1 1) (thickness 0.15)))
    )
    (fp_text value 4.7yF (at 0 1.43) (layer F.Fab)
      (effects (font (size 1 1) (thickness 0.15)))
    )
    (fp_text user %R (at 0 0) (layer F.Fab)
      (effects (font (size 0.4 0.4) (thickness 0.06)))
    )
    (fp_line (start 1.48 0.73) (end -1.48 0.73) (layer F.CrtYd) (width 0.05))
    (fp_line (start 1.48 -0.73) (end 1.48 0.73) (layer F.CrtYd) (width 0.05))
    (fp_line (start -1.48 -0.73) (end 1.48 -0.73) (layer F.CrtYd) (width 0.05))
    (fp_line (start -1.48 0.73) (end -1.48 -0.73) (layer F.CrtYd) (width 0.05))
    (fp_line (start -0.162779 0.51) (end 0.162779 0.51) (layer F.SilkS) (width 0.12))
    (fp_line (start -0.162779 -0.51) (end 0.162779 -0.51) (layer F.SilkS) (width 0.12))
    (fp_line (start 0.8 0.4) (end -0.8 0.4) (layer F.Fab) (width 0.1))
    (fp_line (start 0.8 -0.4) (end 0.8 0.4) (layer F.Fab) (width 0.1))
    (fp_line (start -0.8 -0.4) (end 0.8 -0.4) (layer F.Fab) (width 0.1))
    (fp_line (start -0.8 0.4) (end -0.8 -0.4) (layer F.Fab) (width 0.1))
    (pad 2 smd roundrect (at 0.7875 0) (size 0.875 0.95) (layers F.Cu F.Paste F.Mask) (roundrect_rratio 0.25)
      (net 4 +BATT))
    (pad 1 smd roundrect (at -0.7875 0) (size 0.875 0.95) (layers F.Cu F.Paste F.Mask) (roundrect_rratio 0.25)
      (net 1 GND))
    (model ${KISYS3DMOD}/Capacitor_SMD.3dshapes/C_0603_1608Metric.wrl
      (at (xyz 0 0 0))
      (scale (xyz 1 1 1))
      (rotate (xyz 0 0 0))
    )
  )

  (module Capacitor_SMD:C_0603_1608Metric (layer F.Cu) (tedit 5B301BBE) (tstamp 5EF7CDB0)
    (at 50.415001 59.555001)
    (descr "Capacitor SMD 0603 (1608 Metric), square (rectangular) end terminal, IPC_7351 nominal, (Body size source: http://www.tortai-tech.com/upload/download/2011102023233369053.pdf), generated with kicad-footprint-generator")
    (tags capacitor)
    (path /5E3637DE)
    (attr smd)
    (fp_text reference C5 (at 0 -1.43) (layer F.SilkS)
      (effects (font (size 1 1) (thickness 0.15)))
    )
    (fp_text value 10nF (at 0 1.43) (layer F.Fab)
      (effects (font (size 1 1) (thickness 0.15)))
    )
    (fp_line (start -0.8 0.4) (end -0.8 -0.4) (layer F.Fab) (width 0.1))
    (fp_line (start -0.8 -0.4) (end 0.8 -0.4) (layer F.Fab) (width 0.1))
    (fp_line (start 0.8 -0.4) (end 0.8 0.4) (layer F.Fab) (width 0.1))
    (fp_line (start 0.8 0.4) (end -0.8 0.4) (layer F.Fab) (width 0.1))
    (fp_line (start -0.162779 -0.51) (end 0.162779 -0.51) (layer F.SilkS) (width 0.12))
    (fp_line (start -0.162779 0.51) (end 0.162779 0.51) (layer F.SilkS) (width 0.12))
    (fp_line (start -1.48 0.73) (end -1.48 -0.73) (layer F.CrtYd) (width 0.05))
    (fp_line (start -1.48 -0.73) (end 1.48 -0.73) (layer F.CrtYd) (width 0.05))
    (fp_line (start 1.48 -0.73) (end 1.48 0.73) (layer F.CrtYd) (width 0.05))
    (fp_line (start 1.48 0.73) (end -1.48 0.73) (layer F.CrtYd) (width 0.05))
    (fp_text user %R (at 0 0) (layer F.Fab)
      (effects (font (size 0.4 0.4) (thickness 0.06)))
    )
    (pad 1 smd roundrect (at -0.7875 0) (size 0.875 0.95) (layers F.Cu F.Paste F.Mask) (roundrect_rratio 0.25)
      (net 5 "Net-(C5-Pad1)"))
    (pad 2 smd roundrect (at 0.7875 0) (size 0.875 0.95) (layers F.Cu F.Paste F.Mask) (roundrect_rratio 0.25)
      (net 1 GND))
    (model ${KISYS3DMOD}/Capacitor_SMD.3dshapes/C_0603_1608Metric.wrl
      (at (xyz 0 0 0))
      (scale (xyz 1 1 1))
      (rotate (xyz 0 0 0))
    )
  )

  (module Capacitor_SMD:C_0603_1608Metric (layer F.Cu) (tedit 5B301BBE) (tstamp 5EF7CDC1)
    (at 58.435001 59.555001)
    (descr "Capacitor SMD 0603 (1608 Metric), square (rectangular) end terminal, IPC_7351 nominal, (Body size source: http://www.tortai-tech.com/upload/download/2011102023233369053.pdf), generated with kicad-footprint-generator")
    (tags capacitor)
    (path /5E372397)
    (attr smd)
    (fp_text reference C6 (at 0 -1.43) (layer F.SilkS)
      (effects (font (size 1 1) (thickness 0.15)))
    )
    (fp_text value 4.7yF (at 0 1.43) (layer F.Fab)
      (effects (font (size 1 1) (thickness 0.15)))
    )
    (fp_text user %R (at 0 0) (layer F.Fab)
      (effects (font (size 0.4 0.4) (thickness 0.06)))
    )
    (fp_line (start 1.48 0.73) (end -1.48 0.73) (layer F.CrtYd) (width 0.05))
    (fp_line (start 1.48 -0.73) (end 1.48 0.73) (layer F.CrtYd) (width 0.05))
    (fp_line (start -1.48 -0.73) (end 1.48 -0.73) (layer F.CrtYd) (width 0.05))
    (fp_line (start -1.48 0.73) (end -1.48 -0.73) (layer F.CrtYd) (width 0.05))
    (fp_line (start -0.162779 0.51) (end 0.162779 0.51) (layer F.SilkS) (width 0.12))
    (fp_line (start -0.162779 -0.51) (end 0.162779 -0.51) (layer F.SilkS) (width 0.12))
    (fp_line (start 0.8 0.4) (end -0.8 0.4) (layer F.Fab) (width 0.1))
    (fp_line (start 0.8 -0.4) (end 0.8 0.4) (layer F.Fab) (width 0.1))
    (fp_line (start -0.8 -0.4) (end 0.8 -0.4) (layer F.Fab) (width 0.1))
    (fp_line (start -0.8 0.4) (end -0.8 -0.4) (layer F.Fab) (width 0.1))
    (pad 2 smd roundrect (at 0.7875 0) (size 0.875 0.95) (layers F.Cu F.Paste F.Mask) (roundrect_rratio 0.25)
      (net 1 GND))
    (pad 1 smd roundrect (at -0.7875 0) (size 0.875 0.95) (layers F.Cu F.Paste F.Mask) (roundrect_rratio 0.25)
      (net 6 +3V3))
    (model ${KISYS3DMOD}/Capacitor_SMD.3dshapes/C_0603_1608Metric.wrl
      (at (xyz 0 0 0))
      (scale (xyz 1 1 1))
      (rotate (xyz 0 0 0))
    )
  )

  (module Capacitor_SMD:C_0603_1608Metric (layer F.Cu) (tedit 5B301BBE) (tstamp 5EF7CDD2)
    (at 62.445001 59.555001)
    (descr "Capacitor SMD 0603 (1608 Metric), square (rectangular) end terminal, IPC_7351 nominal, (Body size source: http://www.tortai-tech.com/upload/download/2011102023233369053.pdf), generated with kicad-footprint-generator")
    (tags capacitor)
    (path /5E46FA76)
    (attr smd)
    (fp_text reference C7 (at 0 -1.43) (layer F.SilkS)
      (effects (font (size 1 1) (thickness 0.15)))
    )
    (fp_text value 0.1yF (at 0 1.43) (layer F.Fab)
      (effects (font (size 1 1) (thickness 0.15)))
    )
    (fp_text user %R (at 0 0) (layer F.Fab)
      (effects (font (size 0.4 0.4) (thickness 0.06)))
    )
    (fp_line (start 1.48 0.73) (end -1.48 0.73) (layer F.CrtYd) (width 0.05))
    (fp_line (start 1.48 -0.73) (end 1.48 0.73) (layer F.CrtYd) (width 0.05))
    (fp_line (start -1.48 -0.73) (end 1.48 -0.73) (layer F.CrtYd) (width 0.05))
    (fp_line (start -1.48 0.73) (end -1.48 -0.73) (layer F.CrtYd) (width 0.05))
    (fp_line (start -0.162779 0.51) (end 0.162779 0.51) (layer F.SilkS) (width 0.12))
    (fp_line (start -0.162779 -0.51) (end 0.162779 -0.51) (layer F.SilkS) (width 0.12))
    (fp_line (start 0.8 0.4) (end -0.8 0.4) (layer F.Fab) (width 0.1))
    (fp_line (start 0.8 -0.4) (end 0.8 0.4) (layer F.Fab) (width 0.1))
    (fp_line (start -0.8 -0.4) (end 0.8 -0.4) (layer F.Fab) (width 0.1))
    (fp_line (start -0.8 0.4) (end -0.8 -0.4) (layer F.Fab) (width 0.1))
    (pad 2 smd roundrect (at 0.7875 0) (size 0.875 0.95) (layers F.Cu F.Paste F.Mask) (roundrect_rratio 0.25)
      (net 1 GND))
    (pad 1 smd roundrect (at -0.7875 0) (size 0.875 0.95) (layers F.Cu F.Paste F.Mask) (roundrect_rratio 0.25)
      (net 6 +3V3))
    (model ${KISYS3DMOD}/Capacitor_SMD.3dshapes/C_0603_1608Metric.wrl
      (at (xyz 0 0 0))
      (scale (xyz 1 1 1))
      (rotate (xyz 0 0 0))
    )
  )

  (module Capacitor_SMD:C_0603_1608Metric (layer F.Cu) (tedit 5B301BBE) (tstamp 5EF7CDE3)
    (at 92.105001 34.025001)
    (descr "Capacitor SMD 0603 (1608 Metric), square (rectangular) end terminal, IPC_7351 nominal, (Body size source: http://www.tortai-tech.com/upload/download/2011102023233369053.pdf), generated with kicad-footprint-generator")
    (tags capacitor)
    (path /5E42F2B5)
    (attr smd)
    (fp_text reference C8 (at 0 -1.43) (layer F.SilkS)
      (effects (font (size 1 1) (thickness 0.15)))
    )
    (fp_text value 10nF (at 0 1.43) (layer F.Fab)
      (effects (font (size 1 1) (thickness 0.15)))
    )
    (fp_line (start -0.8 0.4) (end -0.8 -0.4) (layer F.Fab) (width 0.1))
    (fp_line (start -0.8 -0.4) (end 0.8 -0.4) (layer F.Fab) (width 0.1))
    (fp_line (start 0.8 -0.4) (end 0.8 0.4) (layer F.Fab) (width 0.1))
    (fp_line (start 0.8 0.4) (end -0.8 0.4) (layer F.Fab) (width 0.1))
    (fp_line (start -0.162779 -0.51) (end 0.162779 -0.51) (layer F.SilkS) (width 0.12))
    (fp_line (start -0.162779 0.51) (end 0.162779 0.51) (layer F.SilkS) (width 0.12))
    (fp_line (start -1.48 0.73) (end -1.48 -0.73) (layer F.CrtYd) (width 0.05))
    (fp_line (start -1.48 -0.73) (end 1.48 -0.73) (layer F.CrtYd) (width 0.05))
    (fp_line (start 1.48 -0.73) (end 1.48 0.73) (layer F.CrtYd) (width 0.05))
    (fp_line (start 1.48 0.73) (end -1.48 0.73) (layer F.CrtYd) (width 0.05))
    (fp_text user %R (at 0 0) (layer F.Fab)
      (effects (font (size 0.4 0.4) (thickness 0.06)))
    )
    (pad 1 smd roundrect (at -0.7875 0) (size 0.875 0.95) (layers F.Cu F.Paste F.Mask) (roundrect_rratio 0.25)
      (net 1 GND))
    (pad 2 smd roundrect (at 0.7875 0) (size 0.875 0.95) (layers F.Cu F.Paste F.Mask) (roundrect_rratio 0.25)
      (net 6 +3V3))
    (model ${KISYS3DMOD}/Capacitor_SMD.3dshapes/C_0603_1608Metric.wrl
      (at (xyz 0 0 0))
      (scale (xyz 1 1 1))
      (rotate (xyz 0 0 0))
    )
  )

  (module Capacitor_SMD:C_0603_1608Metric (layer F.Cu) (tedit 5B301BBE) (tstamp 5EF7CDF4)
    (at 96.115001 34.025001)
    (descr "Capacitor SMD 0603 (1608 Metric), square (rectangular) end terminal, IPC_7351 nominal, (Body size source: http://www.tortai-tech.com/upload/download/2011102023233369053.pdf), generated with kicad-footprint-generator")
    (tags capacitor)
    (path /5E43EC24)
    (attr smd)
    (fp_text reference C9 (at 0 -1.43) (layer F.SilkS)
      (effects (font (size 1 1) (thickness 0.15)))
    )
    (fp_text value 0.1yF (at 0 1.43) (layer F.Fab)
      (effects (font (size 1 1) (thickness 0.15)))
    )
    (fp_line (start -0.8 0.4) (end -0.8 -0.4) (layer F.Fab) (width 0.1))
    (fp_line (start -0.8 -0.4) (end 0.8 -0.4) (layer F.Fab) (width 0.1))
    (fp_line (start 0.8 -0.4) (end 0.8 0.4) (layer F.Fab) (width 0.1))
    (fp_line (start 0.8 0.4) (end -0.8 0.4) (layer F.Fab) (width 0.1))
    (fp_line (start -0.162779 -0.51) (end 0.162779 -0.51) (layer F.SilkS) (width 0.12))
    (fp_line (start -0.162779 0.51) (end 0.162779 0.51) (layer F.SilkS) (width 0.12))
    (fp_line (start -1.48 0.73) (end -1.48 -0.73) (layer F.CrtYd) (width 0.05))
    (fp_line (start -1.48 -0.73) (end 1.48 -0.73) (layer F.CrtYd) (width 0.05))
    (fp_line (start 1.48 -0.73) (end 1.48 0.73) (layer F.CrtYd) (width 0.05))
    (fp_line (start 1.48 0.73) (end -1.48 0.73) (layer F.CrtYd) (width 0.05))
    (fp_text user %R (at 0 0) (layer F.Fab)
      (effects (font (size 0.4 0.4) (thickness 0.06)))
    )
    (pad 1 smd roundrect (at -0.7875 0) (size 0.875 0.95) (layers F.Cu F.Paste F.Mask) (roundrect_rratio 0.25)
      (net 7 "Net-(C9-Pad1)"))
    (pad 2 smd roundrect (at 0.7875 0) (size 0.875 0.95) (layers F.Cu F.Paste F.Mask) (roundrect_rratio 0.25)
      (net 1 GND))
    (model ${KISYS3DMOD}/Capacitor_SMD.3dshapes/C_0603_1608Metric.wrl
      (at (xyz 0 0 0))
      (scale (xyz 1 1 1))
      (rotate (xyz 0 0 0))
    )
  )

  (module Capacitor_SMD:C_0603_1608Metric (layer F.Cu) (tedit 5B301BBE) (tstamp 5EF7CE05)
    (at 90.285001 43.405001)
    (descr "Capacitor SMD 0603 (1608 Metric), square (rectangular) end terminal, IPC_7351 nominal, (Body size source: http://www.tortai-tech.com/upload/download/2011102023233369053.pdf), generated with kicad-footprint-generator")
    (tags capacitor)
    (path /5E43E1E6)
    (attr smd)
    (fp_text reference C10 (at 0 -1.43) (layer F.SilkS)
      (effects (font (size 1 1) (thickness 0.15)))
    )
    (fp_text value 2.2nF (at 0 1.43) (layer F.Fab)
      (effects (font (size 1 1) (thickness 0.15)))
    )
    (fp_text user %R (at 0 0) (layer F.Fab)
      (effects (font (size 0.4 0.4) (thickness 0.06)))
    )
    (fp_line (start 1.48 0.73) (end -1.48 0.73) (layer F.CrtYd) (width 0.05))
    (fp_line (start 1.48 -0.73) (end 1.48 0.73) (layer F.CrtYd) (width 0.05))
    (fp_line (start -1.48 -0.73) (end 1.48 -0.73) (layer F.CrtYd) (width 0.05))
    (fp_line (start -1.48 0.73) (end -1.48 -0.73) (layer F.CrtYd) (width 0.05))
    (fp_line (start -0.162779 0.51) (end 0.162779 0.51) (layer F.SilkS) (width 0.12))
    (fp_line (start -0.162779 -0.51) (end 0.162779 -0.51) (layer F.SilkS) (width 0.12))
    (fp_line (start 0.8 0.4) (end -0.8 0.4) (layer F.Fab) (width 0.1))
    (fp_line (start 0.8 -0.4) (end 0.8 0.4) (layer F.Fab) (width 0.1))
    (fp_line (start -0.8 -0.4) (end 0.8 -0.4) (layer F.Fab) (width 0.1))
    (fp_line (start -0.8 0.4) (end -0.8 -0.4) (layer F.Fab) (width 0.1))
    (pad 2 smd roundrect (at 0.7875 0) (size 0.875 0.95) (layers F.Cu F.Paste F.Mask) (roundrect_rratio 0.25)
      (net 1 GND))
    (pad 1 smd roundrect (at -0.7875 0) (size 0.875 0.95) (layers F.Cu F.Paste F.Mask) (roundrect_rratio 0.25)
      (net 8 "Net-(C10-Pad1)"))
    (model ${KISYS3DMOD}/Capacitor_SMD.3dshapes/C_0603_1608Metric.wrl
      (at (xyz 0 0 0))
      (scale (xyz 1 1 1))
      (rotate (xyz 0 0 0))
    )
  )

  (module Capacitor_SMD:C_0603_1608Metric (layer F.Cu) (tedit 5B301BBE) (tstamp 5EF7CE16)
    (at 93.095001 36.535001)
    (descr "Capacitor SMD 0603 (1608 Metric), square (rectangular) end terminal, IPC_7351 nominal, (Body size source: http://www.tortai-tech.com/upload/download/2011102023233369053.pdf), generated with kicad-footprint-generator")
    (tags capacitor)
    (path /5E8F5D5D)
    (attr smd)
    (fp_text reference C11 (at 0 -1.43) (layer F.SilkS)
      (effects (font (size 1 1) (thickness 0.15)))
    )
    (fp_text value 100nF (at 0 1.43) (layer F.Fab)
      (effects (font (size 1 1) (thickness 0.15)))
    )
    (fp_text user %R (at 0 0) (layer F.Fab)
      (effects (font (size 0.4 0.4) (thickness 0.06)))
    )
    (fp_line (start 1.48 0.73) (end -1.48 0.73) (layer F.CrtYd) (width 0.05))
    (fp_line (start 1.48 -0.73) (end 1.48 0.73) (layer F.CrtYd) (width 0.05))
    (fp_line (start -1.48 -0.73) (end 1.48 -0.73) (layer F.CrtYd) (width 0.05))
    (fp_line (start -1.48 0.73) (end -1.48 -0.73) (layer F.CrtYd) (width 0.05))
    (fp_line (start -0.162779 0.51) (end 0.162779 0.51) (layer F.SilkS) (width 0.12))
    (fp_line (start -0.162779 -0.51) (end 0.162779 -0.51) (layer F.SilkS) (width 0.12))
    (fp_line (start 0.8 0.4) (end -0.8 0.4) (layer F.Fab) (width 0.1))
    (fp_line (start 0.8 -0.4) (end 0.8 0.4) (layer F.Fab) (width 0.1))
    (fp_line (start -0.8 -0.4) (end 0.8 -0.4) (layer F.Fab) (width 0.1))
    (fp_line (start -0.8 0.4) (end -0.8 -0.4) (layer F.Fab) (width 0.1))
    (pad 2 smd roundrect (at 0.7875 0) (size 0.875 0.95) (layers F.Cu F.Paste F.Mask) (roundrect_rratio 0.25)
      (net 1 GND))
    (pad 1 smd roundrect (at -0.7875 0) (size 0.875 0.95) (layers F.Cu F.Paste F.Mask) (roundrect_rratio 0.25)
      (net 6 +3V3))
    (model ${KISYS3DMOD}/Capacitor_SMD.3dshapes/C_0603_1608Metric.wrl
      (at (xyz 0 0 0))
      (scale (xyz 1 1 1))
      (rotate (xyz 0 0 0))
    )
  )

  (module Capacitor_SMD:C_0603_1608Metric (layer F.Cu) (tedit 5B301BBE) (tstamp 5EF7CE27)
    (at 77.555001 56.145001)
    (descr "Capacitor SMD 0603 (1608 Metric), square (rectangular) end terminal, IPC_7351 nominal, (Body size source: http://www.tortai-tech.com/upload/download/2011102023233369053.pdf), generated with kicad-footprint-generator")
    (tags capacitor)
    (path /5E8FB387)
    (attr smd)
    (fp_text reference C12 (at 0 -1.43) (layer F.SilkS)
      (effects (font (size 1 1) (thickness 0.15)))
    )
    (fp_text value 10yF (at 0 1.43) (layer F.Fab)
      (effects (font (size 1 1) (thickness 0.15)))
    )
    (fp_line (start -0.8 0.4) (end -0.8 -0.4) (layer F.Fab) (width 0.1))
    (fp_line (start -0.8 -0.4) (end 0.8 -0.4) (layer F.Fab) (width 0.1))
    (fp_line (start 0.8 -0.4) (end 0.8 0.4) (layer F.Fab) (width 0.1))
    (fp_line (start 0.8 0.4) (end -0.8 0.4) (layer F.Fab) (width 0.1))
    (fp_line (start -0.162779 -0.51) (end 0.162779 -0.51) (layer F.SilkS) (width 0.12))
    (fp_line (start -0.162779 0.51) (end 0.162779 0.51) (layer F.SilkS) (width 0.12))
    (fp_line (start -1.48 0.73) (end -1.48 -0.73) (layer F.CrtYd) (width 0.05))
    (fp_line (start -1.48 -0.73) (end 1.48 -0.73) (layer F.CrtYd) (width 0.05))
    (fp_line (start 1.48 -0.73) (end 1.48 0.73) (layer F.CrtYd) (width 0.05))
    (fp_line (start 1.48 0.73) (end -1.48 0.73) (layer F.CrtYd) (width 0.05))
    (fp_text user %R (at 0 0) (layer F.Fab)
      (effects (font (size 0.4 0.4) (thickness 0.06)))
    )
    (pad 1 smd roundrect (at -0.7875 0) (size 0.875 0.95) (layers F.Cu F.Paste F.Mask) (roundrect_rratio 0.25)
      (net 6 +3V3))
    (pad 2 smd roundrect (at 0.7875 0) (size 0.875 0.95) (layers F.Cu F.Paste F.Mask) (roundrect_rratio 0.25)
      (net 1 GND))
    (model ${KISYS3DMOD}/Capacitor_SMD.3dshapes/C_0603_1608Metric.wrl
      (at (xyz 0 0 0))
      (scale (xyz 1 1 1))
      (rotate (xyz 0 0 0))
    )
  )

  (module unsurv_offline_pcb_footprints:TF-SMD_TF-101B (layer F.Cu) (tedit 5E861888) (tstamp 5EF7CE40)
    (at 73.726001 34.184001)
    (path /5E8A0B52)
    (fp_text reference CARD1 (at 0 -10.16) (layer F.SilkS)
      (effects (font (size 1 1) (thickness 0.15)))
    )
    (fp_text value TF-101B (at 0 14.478) (layer F.Fab)
      (effects (font (size 1 1) (thickness 0.15)))
    )
    (fp_line (start 7.366 5.842) (end 7.366 8.382) (layer F.SilkS) (width 0.12))
    (fp_line (start 7.366 8.382) (end 3.302 8.382) (layer F.SilkS) (width 0.12))
    (fp_line (start 3.302 8.382) (end 3.302 6.35) (layer F.SilkS) (width 0.12))
    (fp_line (start 3.302 6.35) (end -4.572 6.35) (layer F.SilkS) (width 0.12))
    (fp_line (start -4.572 6.35) (end -6.096 7.366) (layer F.SilkS) (width 0.12))
    (fp_line (start -6.096 7.366) (end -7.366 7.366) (layer F.SilkS) (width 0.12))
    (fp_line (start -7.366 7.366) (end -7.366 -7.874) (layer F.SilkS) (width 0.12))
    (fp_line (start -7.366 -7.874) (end 7.366 -7.874) (layer F.SilkS) (width 0.12))
    (fp_line (start 7.366 -7.874) (end 7.366 5.842) (layer F.SilkS) (width 0.12))
    (pad 1 smd rect (at 2.18 2.795) (size 0.8 1.5) (layers F.Cu F.Paste F.Mask)
      (net 9 "Net-(CARD1-Pad1)"))
    (pad 2 smd rect (at 1.08 2.795) (size 0.8 1.5) (layers F.Cu F.Paste F.Mask)
      (net 10 4))
    (pad 3 smd rect (at -0.02 2.795) (size 0.8 1.5) (layers F.Cu F.Paste F.Mask)
      (net 11 23))
    (pad 4 smd rect (at -1.12 2.795) (size 0.8 1.5) (layers F.Cu F.Paste F.Mask)
      (net 6 +3V3))
    (pad 5 smd rect (at -2.22 2.795) (size 0.8 1.5) (layers F.Cu F.Paste F.Mask)
      (net 12 18))
    (pad 6 smd rect (at -3.32 2.795) (size 0.8 1.5) (layers F.Cu F.Paste F.Mask)
      (net 1 GND))
    (pad 7 smd rect (at -4.42 2.795) (size 0.8 1.5) (layers F.Cu F.Paste F.Mask)
      (net 13 19))
    (pad 8 smd rect (at -5.52 2.795) (size 0.8 1.5) (layers F.Cu F.Paste F.Mask)
      (net 14 "Net-(CARD1-Pad8)"))
    (pad 9 smd rect (at -5.25 -7.225 180) (size 1.8 1.2) (layers F.Cu F.Paste F.Mask)
      (net 1 GND))
    (pad 10 smd rect (at 0.5 -7.225 180) (size 1.8 1.2) (layers F.Cu F.Paste F.Mask)
      (net 1 GND))
    (pad 11 smd rect (at 6.76 7.225 180) (size 1.3 1.9) (layers F.Cu F.Paste F.Mask)
      (net 1 GND))
    (pad 12 smd rect (at -6.76 6.205 180) (size 1.3 1.9) (layers F.Cu F.Paste F.Mask)
      (net 1 GND))
  )

  (module Diode_SMD:D_SOD-323 (layer F.Cu) (tedit 58641739) (tstamp 5EF7CE58)
    (at 42.625001 59.775001)
    (descr SOD-323)
    (tags SOD-323)
    (path /5EF00E40)
    (attr smd)
    (fp_text reference D1 (at 0 -1.85) (layer F.SilkS)
      (effects (font (size 1 1) (thickness 0.15)))
    )
    (fp_text value D_Schottky (at 0.1 1.9) (layer F.Fab)
      (effects (font (size 1 1) (thickness 0.15)))
    )
    (fp_line (start -1.5 -0.85) (end 1.05 -0.85) (layer F.SilkS) (width 0.12))
    (fp_line (start -1.5 0.85) (end 1.05 0.85) (layer F.SilkS) (width 0.12))
    (fp_line (start -1.6 -0.95) (end -1.6 0.95) (layer F.CrtYd) (width 0.05))
    (fp_line (start -1.6 0.95) (end 1.6 0.95) (layer F.CrtYd) (width 0.05))
    (fp_line (start 1.6 -0.95) (end 1.6 0.95) (layer F.CrtYd) (width 0.05))
    (fp_line (start -1.6 -0.95) (end 1.6 -0.95) (layer F.CrtYd) (width 0.05))
    (fp_line (start -0.9 -0.7) (end 0.9 -0.7) (layer F.Fab) (width 0.1))
    (fp_line (start 0.9 -0.7) (end 0.9 0.7) (layer F.Fab) (width 0.1))
    (fp_line (start 0.9 0.7) (end -0.9 0.7) (layer F.Fab) (width 0.1))
    (fp_line (start -0.9 0.7) (end -0.9 -0.7) (layer F.Fab) (width 0.1))
    (fp_line (start -0.3 -0.35) (end -0.3 0.35) (layer F.Fab) (width 0.1))
    (fp_line (start -0.3 0) (end -0.5 0) (layer F.Fab) (width 0.1))
    (fp_line (start -0.3 0) (end 0.2 -0.35) (layer F.Fab) (width 0.1))
    (fp_line (start 0.2 -0.35) (end 0.2 0.35) (layer F.Fab) (width 0.1))
    (fp_line (start 0.2 0.35) (end -0.3 0) (layer F.Fab) (width 0.1))
    (fp_line (start 0.2 0) (end 0.45 0) (layer F.Fab) (width 0.1))
    (fp_line (start -1.5 -0.85) (end -1.5 0.85) (layer F.SilkS) (width 0.12))
    (fp_text user %R (at 0 -1.85) (layer F.Fab)
      (effects (font (size 1 1) (thickness 0.15)))
    )
    (pad 2 smd rect (at 1.05 0) (size 0.6 0.45) (layers F.Cu F.Paste F.Mask)
      (net 2 +5V))
    (pad 1 smd rect (at -1.05 0) (size 0.6 0.45) (layers F.Cu F.Paste F.Mask)
      (net 3 "Net-(C2-Pad1)"))
    (model ${KISYS3DMOD}/Diode_SMD.3dshapes/D_SOD-323.wrl
      (at (xyz 0 0 0))
      (scale (xyz 1 1 1))
      (rotate (xyz 0 0 0))
    )
  )

  (module Diode_SMD:D_SOD-323 (layer F.Cu) (tedit 58641739) (tstamp 5EF7CE70)
    (at 38.375001 59.775001)
    (descr SOD-323)
    (tags SOD-323)
    (path /5E2B1B42)
    (attr smd)
    (fp_text reference D2 (at 0 -1.85) (layer F.SilkS)
      (effects (font (size 1 1) (thickness 0.15)))
    )
    (fp_text value D_Schottky (at 0.1 1.9) (layer F.Fab)
      (effects (font (size 1 1) (thickness 0.15)))
    )
    (fp_text user %R (at 0 -1.85) (layer F.Fab)
      (effects (font (size 1 1) (thickness 0.15)))
    )
    (fp_line (start -1.5 -0.85) (end -1.5 0.85) (layer F.SilkS) (width 0.12))
    (fp_line (start 0.2 0) (end 0.45 0) (layer F.Fab) (width 0.1))
    (fp_line (start 0.2 0.35) (end -0.3 0) (layer F.Fab) (width 0.1))
    (fp_line (start 0.2 -0.35) (end 0.2 0.35) (layer F.Fab) (width 0.1))
    (fp_line (start -0.3 0) (end 0.2 -0.35) (layer F.Fab) (width 0.1))
    (fp_line (start -0.3 0) (end -0.5 0) (layer F.Fab) (width 0.1))
    (fp_line (start -0.3 -0.35) (end -0.3 0.35) (layer F.Fab) (width 0.1))
    (fp_line (start -0.9 0.7) (end -0.9 -0.7) (layer F.Fab) (width 0.1))
    (fp_line (start 0.9 0.7) (end -0.9 0.7) (layer F.Fab) (width 0.1))
    (fp_line (start 0.9 -0.7) (end 0.9 0.7) (layer F.Fab) (width 0.1))
    (fp_line (start -0.9 -0.7) (end 0.9 -0.7) (layer F.Fab) (width 0.1))
    (fp_line (start -1.6 -0.95) (end 1.6 -0.95) (layer F.CrtYd) (width 0.05))
    (fp_line (start 1.6 -0.95) (end 1.6 0.95) (layer F.CrtYd) (width 0.05))
    (fp_line (start -1.6 0.95) (end 1.6 0.95) (layer F.CrtYd) (width 0.05))
    (fp_line (start -1.6 -0.95) (end -1.6 0.95) (layer F.CrtYd) (width 0.05))
    (fp_line (start -1.5 0.85) (end 1.05 0.85) (layer F.SilkS) (width 0.12))
    (fp_line (start -1.5 -0.85) (end 1.05 -0.85) (layer F.SilkS) (width 0.12))
    (pad 1 smd rect (at -1.05 0) (size 0.6 0.45) (layers F.Cu F.Paste F.Mask)
      (net 3 "Net-(C2-Pad1)"))
    (pad 2 smd rect (at 1.05 0) (size 0.6 0.45) (layers F.Cu F.Paste F.Mask)
      (net 4 +BATT))
    (model ${KISYS3DMOD}/Diode_SMD.3dshapes/D_SOD-323.wrl
      (at (xyz 0 0 0))
      (scale (xyz 1 1 1))
      (rotate (xyz 0 0 0))
    )
  )

  (module digikey-footprints:LED_0603 (layer F.Cu) (tedit 5D2891C2) (tstamp 5EF7CE8B)
    (at 94.215001 44.045001)
    (path /5E32B05A)
    (attr smd)
    (fp_text reference D3 (at 0 -1.61) (layer F.SilkS)
      (effects (font (size 1 1) (thickness 0.15)))
    )
    (fp_text value LED (at 0 1.77) (layer F.Fab)
      (effects (font (size 1 1) (thickness 0.15)))
    )
    (fp_line (start -0.3 0.2) (end -0.3 0.1) (layer F.Fab) (width 0.12))
    (fp_line (start -0.3 -0.2) (end -0.3 0.1) (layer F.Fab) (width 0.12))
    (fp_line (start 0.5 0) (end 0.1 0) (layer F.Fab) (width 0.12))
    (fp_line (start 0.1 0) (end 0.1 -0.2) (layer F.Fab) (width 0.12))
    (fp_line (start 0.1 -0.2) (end -0.2 0) (layer F.Fab) (width 0.12))
    (fp_line (start -0.2 0) (end 0.1 0.2) (layer F.Fab) (width 0.12))
    (fp_line (start 0.1 0.2) (end 0.1 0) (layer F.Fab) (width 0.12))
    (fp_line (start -1.1 -0.5) (end 0.4 -0.5) (layer F.SilkS) (width 0.12))
    (fp_line (start -1.1 -0.5) (end -1.2 -0.5) (layer F.SilkS) (width 0.12))
    (fp_line (start -1.2 -0.5) (end -1.3 -0.5) (layer F.SilkS) (width 0.12))
    (fp_line (start -1.3 -0.5) (end -1.3 -0.3) (layer F.SilkS) (width 0.12))
    (fp_line (start -1.3 -0.3) (end -1.3 0.5) (layer F.SilkS) (width 0.12))
    (fp_line (start -1.3 0.5) (end 0.4 0.5) (layer F.SilkS) (width 0.12))
    (fp_line (start -1.4 0.71) (end 1.4 0.71) (layer F.CrtYd) (width 0.05))
    (fp_line (start -1.4 -0.71) (end 1.4 -0.71) (layer F.CrtYd) (width 0.05))
    (fp_line (start 1.4 0.71) (end 1.4 -0.71) (layer F.CrtYd) (width 0.05))
    (fp_line (start -1.4 0.71) (end -1.4 -0.71) (layer F.CrtYd) (width 0.05))
    (fp_line (start -0.85 0.4) (end 0.85 0.4) (layer F.Fab) (width 0.12))
    (fp_line (start -0.85 -0.4) (end 0.85 -0.4) (layer F.Fab) (width 0.12))
    (fp_line (start -0.85 0.4) (end -0.85 -0.4) (layer F.Fab) (width 0.12))
    (fp_line (start 0.85 0.4) (end 0.85 -0.4) (layer F.Fab) (width 0.12))
    (pad 1 smd rect (at -0.75 0) (size 0.8 0.8) (layers F.Cu F.Paste F.Mask)
      (net 15 "Net-(D3-Pad1)"))
    (pad 2 smd rect (at 0.75 0) (size 0.8 0.8) (layers F.Cu F.Paste F.Mask)
      (net 16 "Net-(D3-Pad2)"))
  )

  (module digikey-footprints:USB_Micro_B_Female_10103594-0001LF (layer F.Cu) (tedit 5D28ADB2) (tstamp 5EF7CEAF)
    (at 95.305001 30.495001)
    (descr https://cdn.amphenol-icc.com/media/wysiwyg/files/drawing/10103594.pdf)
    (path /5E307692)
    (attr smd)
    (fp_text reference J1 (at 0 -5.13) (layer F.SilkS)
      (effects (font (size 1 1) (thickness 0.15)))
    )
    (fp_text value 10103594-0001LF (at 0 2.79) (layer F.Fab)
      (effects (font (size 1 1) (thickness 0.15)))
    )
    (fp_line (start 4.68 1.75) (end 4.68 -4.22) (layer F.CrtYd) (width 0.05))
    (fp_line (start -4.68 -4.22) (end 4.68 -4.22) (layer F.CrtYd) (width 0.05))
    (fp_line (start -4.68 1.75) (end 4.68 1.75) (layer F.CrtYd) (width 0.05))
    (fp_line (start -4.68 1.75) (end -4.68 -4.22) (layer F.CrtYd) (width 0.05))
    (fp_line (start -1.6 -3.6) (end -1.6 -2) (layer F.SilkS) (width 0.1))
    (fp_line (start 0 -4.1) (end 0.3 -4.1) (layer F.SilkS) (width 0.1))
    (fp_line (start 0 -4.1) (end -0.3 -4.1) (layer F.SilkS) (width 0.1))
    (fp_line (start 3.9 1.4) (end 3.9 1.1) (layer F.SilkS) (width 0.1))
    (fp_line (start 3.9 1.4) (end 3.6 1.4) (layer F.SilkS) (width 0.1))
    (fp_line (start -3.9 1.4) (end -3.9 1.1) (layer F.SilkS) (width 0.1))
    (fp_line (start -3.9 1.4) (end -3.6 1.4) (layer F.SilkS) (width 0.1))
    (fp_line (start -3.9 -4.1) (end -3.6 -4.1) (layer F.SilkS) (width 0.1))
    (fp_line (start -3.9 -4.1) (end -3.9 -3.8) (layer F.SilkS) (width 0.1))
    (fp_line (start 3.9 -4.1) (end 3.6 -4.1) (layer F.SilkS) (width 0.1))
    (fp_line (start 3.9 -4.1) (end 3.9 -3.8) (layer F.SilkS) (width 0.1))
    (fp_line (start -3.75 1.29) (end 3.75 1.29) (layer F.Fab) (width 0.1))
    (fp_line (start 3.75 -3.97) (end 3.75 1.29) (layer F.Fab) (width 0.1))
