(kicad_pcb (version 20171130) (host pcbnew "(5.1.5)-3")

  (general
    (thickness 1.6)
    (drawings 4)
    (tracks 450)
    (zones 0)
    (modules 38)
    (nets 82)
  )

  (page A4)
  (layers
    (0 F.Cu signal)
    (31 B.Cu signal)
    (32 B.Adhes user)
    (33 F.Adhes user)
    (34 B.Paste user)
    (35 F.Paste user)
    (36 B.SilkS user)
    (37 F.SilkS user)
    (38 B.Mask user)
    (39 F.Mask user)
    (40 Dwgs.User user)
    (41 Cmts.User user)
    (42 Eco1.User user)
    (43 Eco2.User user)
    (44 Edge.Cuts user)
    (45 Margin user)
    (46 B.CrtYd user)
    (47 F.CrtYd user)
    (48 B.Fab user hide)
    (49 F.Fab user hide)
  )

  (setup
    (last_trace_width 0.25)
    (user_trace_width 0.5)
    (user_trace_width 1)
    (trace_clearance 0.2)
    (zone_clearance 0.53)
    (zone_45_only no)
    (trace_min 0.2)
    (via_size 0.8)
    (via_drill 0.4)
    (via_min_size 0.4)
    (via_min_drill 0.3)
    (uvia_size 0.3)
    (uvia_drill 0.1)
    (uvias_allowed no)
    (uvia_min_size 0.2)
    (uvia_min_drill 0.1)
    (edge_width 0.05)
    (segment_width 0.2)
    (pcb_text_width 0.3)
    (pcb_text_size 1.5 1.5)
    (mod_edge_width 0.12)
    (mod_text_size 1 1)
    (mod_text_width 0.15)
    (pad_size 1.524 1.524)
    (pad_drill 0.762)
    (pad_to_mask_clearance 0.051)
    (solder_mask_min_width 0.25)
    (aux_axis_origin 0 0)
    (visible_elements 7FFFFFFF)
    (pcbplotparams
      (layerselection 0x010fc_ffffffff)
      (usegerberextensions false)
      (usegerberattributes false)
      (usegerberadvancedattributes false)
      (creategerberjobfile false)
      (excludeedgelayer true)
      (linewidth 0.100000)
      (plotframeref false)
      (viasonmask false)
      (mode 1)
      (useauxorigin false)
      (hpglpennumber 1)
      (hpglpenspeed 20)
      (hpglpendiameter 15.000000)
      (psnegative false)
      (psa4output false)
      (plotreference true)
      (plotvalue true)
      (plotinvisibletext false)
      (padsonsilk false)
      (subtractmaskfromsilk false)
      (outputformat 1)
      (mirror false)
      (drillshape 1)
      (scaleselection 1)
      (outputdirectory ""))
  )

  (net 0 "")
  (net 1 GND)
  (net 2 +5V)
  (net 3 "Net-(C2-Pad1)")
  (net 4 +BATT)
  (net 5 "Net-(C5-Pad1)")
  (net 6 +3V3)
  (net 7 "Net-(C9-Pad1)")
  (net 8 "Net-(C10-Pad1)")
  (net 9 "Net-(CARD1-Pad1)")
  (net 10 4)
  (net 11 23)
  (net 12 18)
  (net 13 19)
  (net 14 "Net-(CARD1-Pad8)")
  (net 15 "Net-(D3-Pad1)")
  (net 16 "Net-(D3-Pad2)")
  (net 17 "Net-(J1-PadSH)")
  (net 18 D-)
  (net 19 D+)
  (net 20 "Net-(J1-Pad4)")
  (net 21 SDA)
  (net 22 SCL)
  (net 23 12)
  (net 24 13)
  (net 25 14)
  (net 26 15)
  (net 27 RTS)
  (net 28 DTR)
  (net 29 0)
  (net 30 EN)
  (net 31 "Net-(R1-Pad1)")
  (net 32 "Net-(R7-Pad2)")
  (net 33 BATTALARM)
  (net 34 "Net-(U4-Pad3)")
  (net 35 "Net-(U4-Pad4)")
  (net 36 "Net-(U4-Pad5)")
  (net 37 "Net-(U4-Pad6)")
  (net 38 "Net-(U4-Pad2)")
  (net 39 "Net-(U4-Pad16)")
  (net 40 "Net-(U4-Pad17)")
  (net 41 "Net-(U4-Pad15)")
  (net 42 "Net-(U4-Pad14)")
  (net 43 "Net-(U4-Pad9)")
  (net 44 "Net-(U4-Pad7)")
  (net 45 "Net-(U4-Pad11)")
  (net 46 ACC_INT)
  (net 47 "Net-(U4-Pad22)")
  (net 48 "Net-(U4-Pad21)")
  (net 49 "Net-(U4-Pad19)")
  (net 50 "Net-(U5-Pad4)")
  (net 51 "Net-(U5-Pad5)")
  (net 52 "Net-(U5-Pad6)")
  (net 53 "Net-(U5-Pad7)")
  (net 54 "Net-(U5-Pad8)")
  (net 55 "Net-(U5-Pad9)")
  (net 56 "Net-(U5-Pad11)")
  (net 57 "Net-(U5-Pad12)")
  (net 58 "Net-(U5-Pad17)")
  (net 59 "Net-(U5-Pad18)")
  (net 60 "Net-(U5-Pad19)")
  (net 61 "Net-(U5-Pad20)")
  (net 62 "Net-(U5-Pad21)")
  (net 63 "Net-(U5-Pad22)")
  (net 64 "Net-(U5-Pad29)")
  (net 65 "Net-(U5-Pad32)")
  (net 66 RX0)
  (net 67 TX0)
  (net 68 "Net-(U6-Pad7)")
  (net 69 "Net-(U6-Pad8)")
  (net 70 "Net-(U6-Pad9)")
  (net 71 "Net-(U6-Pad10)")
  (net 72 "Net-(U6-Pad11)")
  (net 73 "Net-(U6-Pad12)")
  (net 74 "Net-(U6-Pad15)")
  (net 75 16)
  (net 76 "Net-(U7-Pad7)")
  (net 77 "Net-(U7-Pad8)")
  (net 78 "Net-(U7-Pad18)")
  (net 79 "Net-(U5-Pad28)")
  (net 80 "Net-(U7-Pad13)")
  (net 81 "Net-(U7-Pad14)")

  (net_class Default "This is the default net class."
    (clearance 0.2)
    (trace_width 0.25)
    (via_dia 0.8)
    (via_drill 0.4)
    (uvia_dia 0.3)
    (uvia_drill 0.1)
    (add_net +3V3)
    (add_net +5V)
    (add_net +BATT)
    (add_net 0)
    (add_net 12)
    (add_net 13)
    (add_net 14)
    (add_net 15)
    (add_net 16)
    (add_net 18)
    (add_net 19)
    (add_net 23)
    (add_net 4)
    (add_net ACC_INT)
    (add_net BATTALARM)
    (add_net D+)
    (add_net D-)
    (add_net DTR)
    (add_net EN)
    (add_net GND)
    (add_net "Net-(C10-Pad1)")
    (add_net "Net-(C2-Pad1)")
    (add_net "Net-(C5-Pad1)")
    (add_net "Net-(C9-Pad1)")
    (add_net "Net-(CARD1-Pad1)")
    (add_net "Net-(CARD1-Pad8)")
    (add_net "Net-(D3-Pad1)")
    (add_net "Net-(D3-Pad2)")
    (add_net "Net-(J1-Pad4)")
    (add_net "Net-(J1-PadSH)")
    (add_net "Net-(R1-Pad1)")
    (add_net "Net-(R7-Pad2)")
    (add_net "Net-(U4-Pad11)")
    (add_net "Net-(U4-Pad14)")
    (add_net "Net-(U4-Pad15)")
    (add_net "Net-(U4-Pad16)")
    (add_net "Net-(U4-Pad17)")
    (add_net "Net-(U4-Pad19)")
    (add_net "Net-(U4-Pad2)")
    (add_net "Net-(U4-Pad21)")
    (add_net "Net-(U4-Pad22)")
    (add_net "Net-(U4-Pad3)")
    (add_net "Net-(U4-Pad4)")
    (add_net "Net-(U4-Pad5)")
    (add_net "Net-(U4-Pad6)")
    (add_net "Net-(U4-Pad7)")
    (add_net "Net-(U4-Pad9)")
    (add_net "Net-(U5-Pad11)")
    (add_net "Net-(U5-Pad12)")
    (add_net "Net-(U5-Pad17)")
    (add_net "Net-(U5-Pad18)")
    (add_net "Net-(U5-Pad19)")
    (add_net "Net-(U5-Pad20)")
    (add_net "Net-(U5-Pad21)")
    (add_net "Net-(U5-Pad22)")
    (add_net "Net-(U5-Pad28)")
    (add_net "Net-(U5-Pad29)")
    (add_net "Net-(U5-Pad32)")
    (add_net "Net-(U5-Pad4)")
    (add_net "Net-(U5-Pad5)")
    (add_net "Net-(U5-Pad6)")
    (add_net "Net-(U5-Pad7)")
    (add_net "Net-(U5-Pad8)")
    (add_net "Net-(U5-Pad9)")
    (add_net "Net-(U6-Pad10)")
    (add_net "Net-(U6-Pad11)")
    (add_net "Net-(U6-Pad12)")
    (add_net "Net-(U6-Pad15)")
    (add_net "Net-(U6-Pad7)")
    (add_net "Net-(U6-Pad8)")
    (add_net "Net-(U6-Pad9)")
    (add_net "Net-(U7-Pad13)")
    (add_net "Net-(U7-Pad14)")
    (add_net "Net-(U7-Pad18)")
    (add_net "Net-(U7-Pad7)")
    (add_net "Net-(U7-Pad8)")
    (add_net RTS)
    (add_net RX0)
    (add_net SCL)
    (add_net SDA)
    (add_net TX0)
  )

  (module RF_Module:ESP32-WROOM-32 (layer B.Cu) (tedit 5B5B4654) (tstamp 5EF7D087)
    (at 93.5 103.5 90)
    (descr "Single 2.4 GHz Wi-Fi and Bluetooth combo chip https://www.espressif.com/sites/default/files/documentation/esp32-wroom-32_datasheet_en.pdf")
    (tags "Single 2.4 GHz Wi-Fi and Bluetooth combo  chip")
    (path /5E2AB5E3)
    (attr smd)
    (fp_text reference U5 (at -10.61 -8.43) (layer B.SilkS)
      (effects (font (size 1 1) (thickness 0.15)) (justify mirror))
    )
    (fp_text value ESP32-WROOM-32 (at 0 -11.5 -90) (layer B.Fab)
      (effects (font (size 1 1) (thickness 0.15)) (justify mirror))
    )
    (fp_text user %R (at 0 0 -90) (layer B.Fab)
      (effects (font (size 1 1) (thickness 0.15)) (justify mirror))
    )
    (fp_text user "KEEP-OUT ZONE" (at 0 19 -90) (layer Cmts.User)
      (effects (font (size 1 1) (thickness 0.15)))
    )
    (fp_text user Antenna (at 0 13 -90) (layer Cmts.User)
      (effects (font (size 1 1) (thickness 0.15)))
    )
    (fp_text user "5 mm" (at 11.8 14.375 -90) (layer Cmts.User)
      (effects (font (size 0.5 0.5) (thickness 0.1)))
    )
    (fp_text user "5 mm" (at -11.2 14.375 -90) (layer Cmts.User)
      (effects (font (size 0.5 0.5) (thickness 0.1)))
    )
    (fp_text user "5 mm" (at 7.8 19.075) (layer Cmts.User)
      (effects (font (size 0.5 0.5) (thickness 0.1)))
    )
    (fp_line (start -14 9.97) (end -14 20.75) (layer Dwgs.User) (width 0.1))
    (fp_line (start 9 -9.76) (end 9 15.745) (layer B.Fab) (width 0.1))
    (fp_line (start -9 -9.76) (end 9 -9.76) (layer B.Fab) (width 0.1))
    (fp_line (start -9 15.745) (end -9 10.02) (layer B.Fab) (width 0.1))
    (fp_line (start -9 15.745) (end 9 15.745) (layer B.Fab) (width 0.1))
    (fp_line (start -9.75 -10.5) (end -9.75 9.72) (layer B.CrtYd) (width 0.05))
    (fp_line (start -9.75 -10.5) (end 9.75 -10.5) (layer B.CrtYd) (width 0.05))
    (fp_line (start 9.75 9.72) (end 9.75 -10.5) (layer B.CrtYd) (width 0.05))
    (fp_line (start -14.25 21) (end 14.25 21) (layer B.CrtYd) (width 0.05))
    (fp_line (start -9 9.02) (end -9 -9.76) (layer B.Fab) (width 0.1))
    (fp_line (start -8.5 9.52) (end -9 10.02) (layer B.Fab) (width 0.1))
    (fp_line (start -9 9.02) (end -8.5 9.52) (layer B.Fab) (width 0.1))
    (fp_line (start 14 9.97) (end -14 9.97) (layer Dwgs.User) (width 0.1))
    (fp_line (start 14 9.97) (end 14 20.75) (layer Dwgs.User) (width 0.1))
    (fp_line (start 14 20.75) (end -14 20.75) (layer Dwgs.User) (width 0.1))
    (fp_line (start -14.25 21) (end -14.25 9.72) (layer B.CrtYd) (width 0.05))
    (fp_line (start 14.25 21) (end 14.25 9.72) (layer B.CrtYd) (width 0.05))
    (fp_line (start -14.25 9.72) (end -9.75 9.72) (layer B.CrtYd) (width 0.05))
    (fp_line (start 9.75 9.72) (end 14.25 9.72) (layer B.CrtYd) (width 0.05))
    (fp_line (start -12.525 20.75) (end -14 19.66) (layer Dwgs.User) (width 0.1))
    (fp_line (start -10.525 20.75) (end -14 18.045) (layer Dwgs.User) (width 0.1))
    (fp_line (start -8.525 20.75) (end -14 16.43) (layer Dwgs.User) (width 0.1))
    (fp_line (start -6.525 20.75) (end -14 14.815) (layer Dwgs.User) (width 0.1))
    (fp_line (start -4.525 20.75) (end -14 13.2) (layer Dwgs.User) (width 0.1))
    (fp_line (start -2.525 20.75) (end -14 11.585) (layer Dwgs.User) (width 0.1))
    (fp_line (start -0.525 20.75) (end -14 9.97) (layer Dwgs.User) (width 0.1))
    (fp_line (start 1.475 20.75) (end -12 9.97) (layer Dwgs.User) (width 0.1))
    (fp_line (start 3.475 20.75) (end -10 9.97) (layer Dwgs.User) (width 0.1))
    (fp_line (start -8 9.97) (end 5.475 20.75) (layer Dwgs.User) (width 0.1))
    (fp_line (start 7.475 20.75) (end -6 9.97) (layer Dwgs.User) (width 0.1))
    (fp_line (start 9.475 20.75) (end -4 9.97) (layer Dwgs.User) (width 0.1))
    (fp_line (start 11.475 20.75) (end -2 9.97) (layer Dwgs.User) (width 0.1))
    (fp_line (start 13.475 20.75) (end 0 9.97) (layer Dwgs.User) (width 0.1))
    (fp_line (start 14 19.66) (end 2 9.97) (layer Dwgs.User) (width 0.1))
    (fp_line (start 14 18.045) (end 4 9.97) (layer Dwgs.User) (width 0.1))
    (fp_line (start 14 16.43) (end 6 9.97) (layer Dwgs.User) (width 0.1))
    (fp_line (start 14 14.815) (end 8 9.97) (layer Dwgs.User) (width 0.1))
    (fp_line (start 14 13.2) (end 10 9.97) (layer Dwgs.User) (width 0.1))
    (fp_line (start 14 11.585) (end 12 9.97) (layer Dwgs.User) (width 0.1))
    (fp_line (start 9.2 13.875) (end 13.8 13.875) (layer Cmts.User) (width 0.1))
    (fp_line (start 13.8 13.875) (end 13.6 14.075) (layer Cmts.User) (width 0.1))
    (fp_line (start 13.8 13.875) (end 13.6 13.675) (layer Cmts.User) (width 0.1))
    (fp_line (start 9.2 13.875) (end 9.4 14.075) (layer Cmts.User) (width 0.1))
    (fp_line (start 9.2 13.875) (end 9.4 13.675) (layer Cmts.User) (width 0.1))
    (fp_line (start -13.8 13.875) (end -13.6 14.075) (layer Cmts.User) (width 0.1))
    (fp_line (start -13.8 13.875) (end -13.6 13.675) (layer Cmts.User) (width 0.1))
    (fp_line (start -9.2 13.875) (end -9.4 13.675) (layer Cmts.User) (width 0.1))
    (fp_line (start -13.8 13.875) (end -9.2 13.875) (layer Cmts.User) (width 0.1))
    (fp_line (start -9.2 13.875) (end -9.4 14.075) (layer Cmts.User) (width 0.1))
    (fp_line (start 8.4 16) (end 8.2 16.2) (layer Cmts.User) (width 0.1))
    (fp_line (start 8.4 16) (end 8.6 16.2) (layer Cmts.User) (width 0.1))
    (fp_line (start 8.4 20.6) (end 8.6 20.4) (layer Cmts.User) (width 0.1))
    (fp_line (start 8.4 16) (end 8.4 20.6) (layer Cmts.User) (width 0.1))
    (fp_line (start 8.4 20.6) (end 8.2 20.4) (layer Cmts.User) (width 0.1))
    (fp_line (start -9.12 -9.1) (end -9.12 -9.88) (layer B.SilkS) (width 0.12))
    (fp_line (start -9.12 -9.88) (end -8.12 -9.88) (layer B.SilkS) (width 0.12))
    (fp_line (start 9.12 -9.1) (end 9.12 -9.88) (layer B.SilkS) (width 0.12))
    (fp_line (start 9.12 -9.88) (end 8.12 -9.88) (layer B.SilkS) (width 0.12))
    (fp_line (start -9.12 15.865) (end 9.12 15.865) (layer B.SilkS) (width 0.12))
    (fp_line (start 9.12 15.865) (end 9.12 9.445) (layer B.SilkS) (width 0.12))
    (fp_line (start -9.12 15.865) (end -9.12 9.445) (layer B.SilkS) (width 0.12))
    (fp_line (start -9.12 9.445) (end -9.5 9.445) (layer B.SilkS) (width 0.12))
    (pad 39 smd rect (at -1 0.755 90) (size 5 5) (layers B.Cu B.Paste B.Mask)
      (net 1 GND))
    (pad 1 smd rect (at -8.5 8.255 90) (size 2 0.9) (layers B.Cu B.Paste B.Mask)
      (net 1 GND))
    (pad 2 smd rect (at -8.5 6.985 90) (size 2 0.9) (layers B.Cu B.Paste B.Mask)
      (net 6 +3V3))
    (pad 3 smd rect (at -8.5 5.715 90) (size 2 0.9) (layers B.Cu B.Paste B.Mask)
      (net 30 EN))
    (pad 4 smd rect (at -8.5 4.445 90) (size 2 0.9) (layers B.Cu B.Paste B.Mask)
      (net 50 "Net-(U5-Pad4)"))
    (pad 5 smd rect (at -8.5 3.175 90) (size 2 0.9) (layers B.Cu B.Paste B.Mask)
      (net 51 "Net-(U5-Pad5)"))
    (pad 6 smd rect (at -8.5 1.905 90) (size 2 0.9) (layers B.Cu B.Paste B.Mask)
      (net 52 "Net-(U5-Pad6)"))
    (pad 7 smd rect (at -8.5 0.635 90) (size 2 0.9) (layers B.Cu B.Paste B.Mask)
      (net 53 "Net-(U5-Pad7)"))
    (pad 8 smd rect (at -8.5 -0.635 90) (size 2 0.9) (layers B.Cu B.Paste B.Mask)
      (net 54 "Net-(U5-Pad8)"))
    (pad 9 smd rect (at -8.5 -1.905 90) (size 2 0.9) (layers B.Cu B.Paste B.Mask)
      (net 55 "Net-(U5-Pad9)"))
    (pad 10 smd rect (at -8.5 -3.175 90) (size 2 0.9) (layers B.Cu B.Paste B.Mask)
      (net 46 ACC_INT))
    (pad 11 smd rect (at -8.5 -4.445 90) (size 2 0.9) (layers B.Cu B.Paste B.Mask)
      (net 56 "Net-(U5-Pad11)"))
    (pad 12 smd rect (at -8.5 -5.715 90) (size 2 0.9) (layers B.Cu B.Paste B.Mask)
      (net 57 "Net-(U5-Pad12)"))
    (pad 13 smd rect (at -8.5 -6.985 90) (size 2 0.9) (layers B.Cu B.Paste B.Mask)
      (net 25 14))
    (pad 14 smd rect (at -8.5 -8.255 90) (size 2 0.9) (layers B.Cu B.Paste B.Mask)
      (net 23 12))
    (pad 15 smd rect (at -5.715 -9.255) (size 2 0.9) (layers B.Cu B.Paste B.Mask)
      (net 1 GND))
    (pad 16 smd rect (at -4.445 -9.255) (size 2 0.9) (layers B.Cu B.Paste B.Mask)
      (net 24 13))
    (pad 17 smd rect (at -3.175 -9.255) (size 2 0.9) (layers B.Cu B.Paste B.Mask)
      (net 58 "Net-(U5-Pad17)"))
    (pad 18 smd rect (at -1.905 -9.255) (size 2 0.9) (layers B.Cu B.Paste B.Mask)
      (net 59 "Net-(U5-Pad18)"))
    (pad 19 smd rect (at -0.635 -9.255) (size 2 0.9) (layers B.Cu B.Paste B.Mask)
      (net 60 "Net-(U5-Pad19)"))
    (pad 20 smd rect (at 0.635 -9.255) (size 2 0.9) (layers B.Cu B.Paste B.Mask)
      (net 61 "Net-(U5-Pad20)"))
    (pad 21 smd rect (at 1.905 -9.255) (size 2 0.9) (layers B.Cu B.Paste B.Mask)
      (net 62 "Net-(U5-Pad21)"))
    (pad 22 smd rect (at 3.175 -9.255) (size 2 0.9) (layers B.Cu B.Paste B.Mask)
      (net 63 "Net-(U5-Pad22)"))
    (pad 23 smd rect (at 4.445 -9.255) (size 2 0.9) (layers B.Cu B.Paste B.Mask)
      (net 26 15))
    (pad 24 smd rect (at 5.715 -9.255) (size 2 0.9) (layers B.Cu B.Paste B.Mask)
      (net 33 BATTALARM))
    (pad 25 smd rect (at 8.5 -8.255 90) (size 2 0.9) (layers B.Cu B.Paste B.Mask)
      (net 29 0))
    (pad 26 smd rect (at 8.5 -6.985 90) (size 2 0.9) (layers B.Cu B.Paste B.Mask)
      (net 10 4))
    (pad 27 smd rect (at 8.5 -5.715 90) (size 2 0.9) (layers B.Cu B.Paste B.Mask)
      (net 75 16))
    (pad 28 smd rect (at 8.5 -4.445 90) (size 2 0.9) (layers B.Cu B.Paste B.Mask)
      (net 79 "Net-(U5-Pad28)"))
    (pad 29 smd rect (at 8.5 -3.175 90) (size 2 0.9) (layers B.Cu B.Paste B.Mask)
      (net 64 "Net-(U5-Pad29)"))
    (pad 30 smd rect (at 8.5 -1.905 90) (size 2 0.9) (layers B.Cu B.Paste B.Mask)
      (net 12 18))
    (pad 31 smd rect (at 8.5 -0.635 90) (size 2 0.9) (layers B.Cu B.Paste B.Mask)
      (net 13 19))
    (pad 32 smd rect (at 8.5 0.635 90) (size 2 0.9) (layers B.Cu B.Paste B.Mask)
      (net 65 "Net-(U5-Pad32)"))
    (pad 33 smd rect (at 8.5 1.905 90) (size 2 0.9) (layers B.Cu B.Paste B.Mask)
      (net 21 SDA))
    (pad 34 smd rect (at 8.5 3.175 90) (size 2 0.9) (layers B.Cu B.Paste B.Mask)
      (net 66 RX0))
    (pad 35 smd rect (at 8.5 4.445 90) (size 2 0.9) (layers B.Cu B.Paste B.Mask)
      (net 67 TX0))
    (pad 36 smd rect (at 8.5 5.715 90) (size 2 0.9) (layers B.Cu B.Paste B.Mask)
      (net 22 SCL))
    (pad 37 smd rect (at 8.5 6.985 90) (size 2 0.9) (layers B.Cu B.Paste B.Mask)
      (net 11 23))
    (pad 38 smd rect (at 8.5 8.255 90) (size 2 0.9) (layers B.Cu B.Paste B.Mask)
      (net 1 GND))
    (model ${KISYS3DMOD}/RF_Module.3dshapes/ESP32-WROOM-32.wrl
      (at (xyz 0 0 0))
      (scale (xyz 1 1 1))
      (rotate (xyz 0 0 0))
    )
  )

  (module Capacitor_SMD:C_0603_1608Metric (layer B.Cu) (tedit 5B301BBE) (tstamp 5EF7CD6C)
    (at 90.25 116.5 90)
    (descr "Capacitor SMD 0603 (1608 Metric), square (rectangular) end terminal, IPC_7351 nominal, (Body size source: http://www.tortai-tech.com/upload/download/2011102023233369053.pdf), generated with kicad-footprint-generator")
    (tags capacitor)
    (path /5E32223A)
    (attr smd)
    (fp_text reference C1 (at -2.5 0 270) (layer B.SilkS)
      (effects (font (size 1 1) (thickness 0.15)) (justify mirror))
    )
    (fp_text value 4.7yF (at 0 -1.43 270) (layer B.Fab)
      (effects (font (size 1 1) (thickness 0.15)) (justify mirror))
    )
    (fp_line (start -0.8 -0.4) (end -0.8 0.4) (layer B.Fab) (width 0.1))
    (fp_line (start -0.8 0.4) (end 0.8 0.4) (layer B.Fab) (width 0.1))
    (fp_line (start 0.8 0.4) (end 0.8 -0.4) (layer B.Fab) (width 0.1))
    (fp_line (start 0.8 -0.4) (end -0.8 -0.4) (layer B.Fab) (width 0.1))
    (fp_line (start -0.162779 0.51) (end 0.162779 0.51) (layer B.SilkS) (width 0.12))
    (fp_line (start -0.162779 -0.51) (end 0.162779 -0.51) (layer B.SilkS) (width 0.12))
    (fp_line (start -1.48 -0.73) (end -1.48 0.73) (layer B.CrtYd) (width 0.05))
    (fp_line (start -1.48 0.73) (end 1.48 0.73) (layer B.CrtYd) (width 0.05))
    (fp_line (start 1.48 0.73) (end 1.48 -0.73) (layer B.CrtYd) (width 0.05))
    (fp_line (start 1.48 -0.73) (end -1.48 -0.73) (layer B.CrtYd) (width 0.05))
    (fp_text user %R (at 0 0 270) (layer B.Fab)
      (effects (font (size 0.4 0.4) (thickness 0.06)) (justify mirror))
    )
    (pad 1 smd roundrect (at -0.7875 0 90) (size 0.875 0.95) (layers B.Cu B.Paste B.Mask) (roundrect_rratio 0.25)
      (net 1 GND))
    (pad 2 smd roundrect (at 0.7875 0 90) (size 0.875 0.95) (layers B.Cu B.Paste B.Mask) (roundrect_rratio 0.25)
      (net 2 +5V))
    (model ${KISYS3DMOD}/Capacitor_SMD.3dshapes/C_0603_1608Metric.wrl
      (at (xyz 0 0 0))
      (scale (xyz 1 1 1))
      (rotate (xyz 0 0 0))
    )
  )

  (module Capacitor_SMD:C_0603_1608Metric (layer F.Cu) (tedit 5B301BBE) (tstamp 5EF7CD7D)
    (at 78.75 120.75 180)
    (descr "Capacitor SMD 0603 (1608 Metric), square (rectangular) end terminal, IPC_7351 nominal, (Body size source: http://www.tortai-tech.com/upload/download/2011102023233369053.pdf), generated with kicad-footprint-generator")
    (tags capacitor)
    (path /5EFA7F35)
    (attr smd)
    (fp_text reference C2 (at 2.5 0) (layer F.SilkS)
      (effects (font (size 1 1) (thickness 0.15)))
    )
    (fp_text value 100nF (at 0 1.43) (layer F.Fab)
      (effects (font (size 1 1) (thickness 0.15)))
    )
    (fp_line (start -0.8 0.4) (end -0.8 -0.4) (layer F.Fab) (width 0.1))
    (fp_line (start -0.8 -0.4) (end 0.8 -0.4) (layer F.Fab) (width 0.1))
    (fp_line (start 0.8 -0.4) (end 0.8 0.4) (layer F.Fab) (width 0.1))
    (fp_line (start 0.8 0.4) (end -0.8 0.4) (layer F.Fab) (width 0.1))
    (fp_line (start -0.162779 -0.51) (end 0.162779 -0.51) (layer F.SilkS) (width 0.12))
    (fp_line (start -0.162779 0.51) (end 0.162779 0.51) (layer F.SilkS) (width 0.12))
    (fp_line (start -1.48 0.73) (end -1.48 -0.73) (layer F.CrtYd) (width 0.05))
    (fp_line (start -1.48 -0.73) (end 1.48 -0.73) (layer F.CrtYd) (width 0.05))
    (fp_line (start 1.48 -0.73) (end 1.48 0.73) (layer F.CrtYd) (width 0.05))
    (fp_line (start 1.48 0.73) (end -1.48 0.73) (layer F.CrtYd) (width 0.05))
    (fp_text user %R (at 0 0) (layer F.Fab)
      (effects (font (size 0.4 0.4) (thickness 0.06)))
    )
    (pad 1 smd roundrect (at -0.7875 0 180) (size 0.875 0.95) (layers F.Cu F.Paste F.Mask) (roundrect_rratio 0.25)
      (net 3 "Net-(C2-Pad1)"))
    (pad 2 smd roundrect (at 0.7875 0 180) (size 0.875 0.95) (layers F.Cu F.Paste F.Mask) (roundrect_rratio 0.25)
      (net 1 GND))
    (model ${KISYS3DMOD}/Capacitor_SMD.3dshapes/C_0603_1608Metric.wrl
      (at (xyz 0 0 0))
      (scale (xyz 1 1 1))
      (rotate (xyz 0 0 0))
    )
  )

  (module Capacitor_SMD:C_0603_1608Metric (layer F.Cu) (tedit 5B301BBE) (tstamp 5EF7CD8E)
    (at 78.75 119 180)
    (descr "Capacitor SMD 0603 (1608 Metric), square (rectangular) end terminal, IPC_7351 nominal, (Body size source: http://www.tortai-tech.com/upload/download/2011102023233369053.pdf), generated with kicad-footprint-generator")
    (tags capacitor)
    (path /5EFA7F2F)
    (attr smd)
    (fp_text reference C3 (at 2.5 0) (layer F.SilkS)
      (effects (font (size 1 1) (thickness 0.15)))
    )
    (fp_text value 1yF (at 0 1.43) (layer F.Fab)
      (effects (font (size 1 1) (thickness 0.15)))
    )
    (fp_text user %R (at 0 0) (layer F.Fab)
      (effects (font (size 0.4 0.4) (thickness 0.06)))
    )
    (fp_line (start 1.48 0.73) (end -1.48 0.73) (layer F.CrtYd) (width 0.05))
    (fp_line (start 1.48 -0.73) (end 1.48 0.73) (layer F.CrtYd) (width 0.05))
    (fp_line (start -1.48 -0.73) (end 1.48 -0.73) (layer F.CrtYd) (width 0.05))
    (fp_line (start -1.48 0.73) (end -1.48 -0.73) (layer F.CrtYd) (width 0.05))
    (fp_line (start -0.162779 0.51) (end 0.162779 0.51) (layer F.SilkS) (width 0.12))
    (fp_line (start -0.162779 -0.51) (end 0.162779 -0.51) (layer F.SilkS) (width 0.12))
    (fp_line (start 0.8 0.4) (end -0.8 0.4) (layer F.Fab) (width 0.1))
    (fp_line (start 0.8 -0.4) (end 0.8 0.4) (layer F.Fab) (width 0.1))
    (fp_line (start -0.8 -0.4) (end 0.8 -0.4) (layer F.Fab) (width 0.1))
    (fp_line (start -0.8 0.4) (end -0.8 -0.4) (layer F.Fab) (width 0.1))
    (pad 2 smd roundrect (at 0.7875 0 180) (size 0.875 0.95) (layers F.Cu F.Paste F.Mask) (roundrect_rratio 0.25)
      (net 1 GND))
    (pad 1 smd roundrect (at -0.7875 0 180) (size 0.875 0.95) (layers F.Cu F.Paste F.Mask) (roundrect_rratio 0.25)
      (net 3 "Net-(C2-Pad1)"))
    (model ${KISYS3DMOD}/Capacitor_SMD.3dshapes/C_0603_1608Metric.wrl
      (at (xyz 0 0 0))
      (scale (xyz 1 1 1))
      (rotate (xyz 0 0 0))
    )
  )

  (module Capacitor_SMD:C_0603_1608Metric (layer B.Cu) (tedit 5B301BBE) (tstamp 5EF7CD9F)
    (at 86 119.75 90)
    (descr "Capacitor SMD 0603 (1608 Metric), square (rectangular) end terminal, IPC_7351 nominal, (Body size source: http://www.tortai-tech.com/upload/download/2011102023233369053.pdf), generated with kicad-footprint-generator")
    (tags capacitor)
    (path /5E320DA1)
    (attr smd)
    (fp_text reference C4 (at 2.5 0 90) (layer B.SilkS)
      (effects (font (size 1 1) (thickness 0.15)) (justify mirror))
    )
    (fp_text value 4.7yF (at 0 -1.43 90) (layer B.Fab)
      (effects (font (size 1 1) (thickness 0.15)) (justify mirror))
    )
    (fp_text user %R (at 0 0 90) (layer B.Fab)
      (effects (font (size 0.4 0.4) (thickness 0.06)) (justify mirror))
    )
    (fp_line (start 1.48 -0.73) (end -1.48 -0.73) (layer B.CrtYd) (width 0.05))
    (fp_line (start 1.48 0.73) (end 1.48 -0.73) (layer B.CrtYd) (width 0.05))
    (fp_line (start -1.48 0.73) (end 1.48 0.73) (layer B.CrtYd) (width 0.05))
    (fp_line (start -1.48 -0.73) (end -1.48 0.73) (layer B.CrtYd) (width 0.05))
    (fp_line (start -0.162779 -0.51) (end 0.162779 -0.51) (layer B.SilkS) (width 0.12))
    (fp_line (start -0.162779 0.51) (end 0.162779 0.51) (layer B.SilkS) (width 0.12))
    (fp_line (start 0.8 -0.4) (end -0.8 -0.4) (layer B.Fab) (width 0.1))
    (fp_line (start 0.8 0.4) (end 0.8 -0.4) (layer B.Fab) (width 0.1))
    (fp_line (start -0.8 0.4) (end 0.8 0.4) (layer B.Fab) (width 0.1))
    (fp_line (start -0.8 -0.4) (end -0.8 0.4) (layer B.Fab) (width 0.1))
    (pad 2 smd roundrect (at 0.7875 0 90) (size 0.875 0.95) (layers B.Cu B.Paste B.Mask) (roundrect_rratio 0.25)
      (net 4 +BATT))
    (pad 1 smd roundrect (at -0.7875 0 90) (size 0.875 0.95) (layers B.Cu B.Paste B.Mask) (roundrect_rratio 0.25)
      (net 1 GND))
    (model ${KISYS3DMOD}/Capacitor_SMD.3dshapes/C_0603_1608Metric.wrl
      (at (xyz 0 0 0))
      (scale (xyz 1 1 1))
      (rotate (xyz 0 0 0))
    )
  )

  (module Capacitor_SMD:C_0603_1608Metric (layer F.Cu) (tedit 5B301BBE) (tstamp 5EF7CDB0)
    (at 83.25 116 90)
    (descr "Capacitor SMD 0603 (1608 Metric), square (rectangular) end terminal, IPC_7351 nominal, (Body size source: http://www.tortai-tech.com/upload/download/2011102023233369053.pdf), generated with kicad-footprint-generator")
    (tags capacitor)
    (path /5E3637DE)
    (attr smd)
    (fp_text reference C5 (at -0.75 1.5 90) (layer F.SilkS)
      (effects (font (size 1 1) (thickness 0.15)))
    )
    (fp_text value 10nF (at 0 1.43 90) (layer F.Fab)
      (effects (font (size 1 1) (thickness 0.15)))
    )
    (fp_line (start -0.8 0.4) (end -0.8 -0.4) (layer F.Fab) (width 0.1))
    (fp_line (start -0.8 -0.4) (end 0.8 -0.4) (layer F.Fab) (width 0.1))
    (fp_line (start 0.8 -0.4) (end 0.8 0.4) (layer F.Fab) (width 0.1))
    (fp_line (start 0.8 0.4) (end -0.8 0.4) (layer F.Fab) (width 0.1))
    (fp_line (start -0.162779 -0.51) (end 0.162779 -0.51) (layer F.SilkS) (width 0.12))
    (fp_line (start -0.162779 0.51) (end 0.162779 0.51) (layer F.SilkS) (width 0.12))
    (fp_line (start -1.48 0.73) (end -1.48 -0.73) (layer F.CrtYd) (width 0.05))
    (fp_line (start -1.48 -0.73) (end 1.48 -0.73) (layer F.CrtYd) (width 0.05))
    (fp_line (start 1.48 -0.73) (end 1.48 0.73) (layer F.CrtYd) (width 0.05))
    (fp_line (start 1.48 0.73) (end -1.48 0.73) (layer F.CrtYd) (width 0.05))
    (fp_text user %R (at 0 0 90) (layer F.Fab)
      (effects (font (size 0.4 0.4) (thickness 0.06)))
    )
    (pad 1 smd roundrect (at -0.7875 0 90) (size 0.875 0.95) (layers F.Cu F.Paste F.Mask) (roundrect_rratio 0.25)
      (net 5 "Net-(C5-Pad1)"))
    (pad 2 smd roundrect (at 0.7875 0 90) (size 0.875 0.95) (layers F.Cu F.Paste F.Mask) (roundrect_rratio 0.25)
      (net 1 GND))
    (model ${KISYS3DMOD}/Capacitor_SMD.3dshapes/C_0603_1608Metric.wrl
      (at (xyz 0 0 0))
      (scale (xyz 1 1 1))
      (rotate (xyz 0 0 0))
    )
  )

  (module Capacitor_SMD:C_0603_1608Metric (layer F.Cu) (tedit 5B301BBE) (tstamp 5EF7CDC1)
    (at 77.75 113.25 270)
    (descr "Capacitor SMD 0603 (1608 Metric), square (rectangular) end terminal, IPC_7351 nominal, (Body size source: http://www.tortai-tech.com/upload/download/2011102023233369053.pdf), generated with kicad-footprint-generator")
    (tags capacitor)
    (path /5E372397)
    (attr smd)
    (fp_text reference C6 (at 0 1.5 90) (layer F.SilkS)
      (effects (font (size 1 1) (thickness 0.15)))
    )
    (fp_text value 4.7yF (at 0 1.43 90) (layer F.Fab)
      (effects (font (size 1 1) (thickness 0.15)))
    )
    (fp_text user %R (at 0 0 90) (layer F.Fab)
      (effects (font (size 0.4 0.4) (thickness 0.06)))
    )
    (fp_line (start 1.48 0.73) (end -1.48 0.73) (layer F.CrtYd) (width 0.05))
    (fp_line (start 1.48 -0.73) (end 1.48 0.73) (layer F.CrtYd) (width 0.05))
    (fp_line (start -1.48 -0.73) (end 1.48 -0.73) (layer F.CrtYd) (width 0.05))
    (fp_line (start -1.48 0.73) (end -1.48 -0.73) (layer F.CrtYd) (width 0.05))
    (fp_line (start -0.162779 0.51) (end 0.162779 0.51) (layer F.SilkS) (width 0.12))
    (fp_line (start -0.162779 -0.51) (end 0.162779 -0.51) (layer F.SilkS) (width 0.12))
    (fp_line (start 0.8 0.4) (end -0.8 0.4) (layer F.Fab) (width 0.1))
    (fp_line (start 0.8 -0.4) (end 0.8 0.4) (layer F.Fab) (width 0.1))
    (fp_line (start -0.8 -0.4) (end 0.8 -0.4) (layer F.Fab) (width 0.1))
    (fp_line (start -0.8 0.4) (end -0.8 -0.4) (layer F.Fab) (width 0.1))
    (pad 2 smd roundrect (at 0.7875 0 270) (size 0.875 0.95) (layers F.Cu F.Paste F.Mask) (roundrect_rratio 0.25)
      (net 1 GND))
    (pad 1 smd roundrect (at -0.7875 0 270) (size 0.875 0.95) (layers F.Cu F.Paste F.Mask) (roundrect_rratio 0.25)
      (net 6 +3V3))
    (model ${KISYS3DMOD}/Capacitor_SMD.3dshapes/C_0603_1608Metric.wrl
      (at (xyz 0 0 0))
      (scale (xyz 1 1 1))
      (rotate (xyz 0 0 0))
    )
  )

  (module Capacitor_SMD:C_0603_1608Metric (layer B.Cu) (tedit 5B301BBE) (tstamp 5EF7CDD2)
    (at 100 123 90)
    (descr "Capacitor SMD 0603 (1608 Metric), square (rectangular) end terminal, IPC_7351 nominal, (Body size source: http://www.tortai-tech.com/upload/download/2011102023233369053.pdf), generated with kicad-footprint-generator")
    (tags capacitor)
    (path /5E46FA76)
    (attr smd)
    (fp_text reference C7 (at -0.75 -1.5 270) (layer B.SilkS)
      (effects (font (size 1 1) (thickness 0.15)) (justify mirror))
    )
    (fp_text value 0.1yF (at 0 -1.43 270) (layer B.Fab)
      (effects (font (size 1 1) (thickness 0.15)) (justify mirror))
    )
    (fp_text user %R (at 0 0 270) (layer B.Fab)
      (effects (font (size 0.4 0.4) (thickness 0.06)) (justify mirror))
    )
    (fp_line (start 1.48 -0.73) (end -1.48 -0.73) (layer B.CrtYd) (width 0.05))
    (fp_line (start 1.48 0.73) (end 1.48 -0.73) (layer B.CrtYd) (width 0.05))
    (fp_line (start -1.48 0.73) (end 1.48 0.73) (layer B.CrtYd) (width 0.05))
    (fp_line (start -1.48 -0.73) (end -1.48 0.73) (layer B.CrtYd) (width 0.05))
    (fp_line (start -0.162779 -0.51) (end 0.162779 -0.51) (layer B.SilkS) (width 0.12))
    (fp_line (start -0.162779 0.51) (end 0.162779 0.51) (layer B.SilkS) (width 0.12))
    (fp_line (start 0.8 -0.4) (end -0.8 -0.4) (layer B.Fab) (width 0.1))
    (fp_line (start 0.8 0.4) (end 0.8 -0.4) (layer B.Fab) (width 0.1))
    (fp_line (start -0.8 0.4) (end 0.8 0.4) (layer B.Fab) (width 0.1))
    (fp_line (start -0.8 -0.4) (end -0.8 0.4) (layer B.Fab) (width 0.1))
    (pad 2 smd roundrect (at 0.7875 0 90) (size 0.875 0.95) (layers B.Cu B.Paste B.Mask) (roundrect_rratio 0.25)
      (net 1 GND))
    (pad 1 smd roundrect (at -0.7875 0 90) (size 0.875 0.95) (layers B.Cu B.Paste B.Mask) (roundrect_rratio 0.25)
      (net 6 +3V3))
    (model ${KISYS3DMOD}/Capacitor_SMD.3dshapes/C_0603_1608Metric.wrl
      (at (xyz 0 0 0))
      (scale (xyz 1 1 1))
      (rotate (xyz 0 0 0))
    )
  )

  (module Capacitor_SMD:C_0603_1608Metric (layer B.Cu) (tedit 5B301BBE) (tstamp 5EF7CDE3)
    (at 106 116.25)
    (descr "Capacitor SMD 0603 (1608 Metric), square (rectangular) end terminal, IPC_7351 nominal, (Body size source: http://www.tortai-tech.com/upload/download/2011102023233369053.pdf), generated with kicad-footprint-generator")
    (tags capacitor)
    (path /5E42F2B5)
    (attr smd)
    (fp_text reference C8 (at 2.5 0) (layer B.SilkS)
      (effects (font (size 1 1) (thickness 0.15)) (justify mirror))
    )
    (fp_text value 10nF (at 0 -1.43) (layer B.Fab)
      (effects (font (size 1 1) (thickness 0.15)) (justify mirror))
    )
    (fp_line (start -0.8 -0.4) (end -0.8 0.4) (layer B.Fab) (width 0.1))
    (fp_line (start -0.8 0.4) (end 0.8 0.4) (layer B.Fab) (width 0.1))
    (fp_line (start 0.8 0.4) (end 0.8 -0.4) (layer B.Fab) (width 0.1))
    (fp_line (start 0.8 -0.4) (end -0.8 -0.4) (layer B.Fab) (width 0.1))
    (fp_line (start -0.162779 0.51) (end 0.162779 0.51) (layer B.SilkS) (width 0.12))
    (fp_line (start -0.162779 -0.51) (end 0.162779 -0.51) (layer B.SilkS) (width 0.12))
    (fp_line (start -1.48 -0.73) (end -1.48 0.73) (layer B.CrtYd) (width 0.05))
    (fp_line (start -1.48 0.73) (end 1.48 0.73) (layer B.CrtYd) (width 0.05))
    (fp_line (start 1.48 0.73) (end 1.48 -0.73) (layer B.CrtYd) (width 0.05))
    (fp_line (start 1.48 -0.73) (end -1.48 -0.73) (layer B.CrtYd) (width 0.05))
    (fp_text user %R (at 0 0) (layer B.Fab)
      (effects (font (size 0.4 0.4) (thickness 0.06)) (justify mirror))
    )
    (pad 1 smd roundrect (at -0.7875 0) (size 0.875 0.95) (layers B.Cu B.Paste B.Mask) (roundrect_rratio 0.25)
      (net 1 GND))
    (pad 2 smd roundrect (at 0.7875 0) (size 0.875 0.95) (layers B.Cu B.Paste B.Mask) (roundrect_rratio 0.25)
      (net 6 +3V3))
    (model ${KISYS3DMOD}/Capacitor_SMD.3dshapes/C_0603_1608Metric.wrl
      (at (xyz 0 0 0))
      (scale (xyz 1 1 1))
      (rotate (xyz 0 0 0))
    )
  )

  (module Capacitor_SMD:C_0603_1608Metric (layer B.Cu) (tedit 5B301BBE) (tstamp 5EF7CDF4)
    (at 108 123.75 180)
    (descr "Capacitor SMD 0603 (1608 Metric), square (rectangular) end terminal, IPC_7351 nominal, (Body size source: http://www.tortai-tech.com/upload/download/2011102023233369053.pdf), generated with kicad-footprint-generator")
    (tags capacitor)
    (path /5E43EC24)
    (attr smd)
    (fp_text reference C9 (at 0 -1.5) (layer B.SilkS)
      (effects (font (size 1 1) (thickness 0.15)) (justify mirror))
    )
    (fp_text value 0.1yF (at 0 -1.43) (layer B.Fab)
      (effects (font (size 1 1) (thickness 0.15)) (justify mirror))
    )
    (fp_line (start -0.8 -0.4) (end -0.8 0.4) (layer B.Fab) (width 0.1))
    (fp_line (start -0.8 0.4) (end 0.8 0.4) (layer B.Fab) (width 0.1))
    (fp_line (start 0.8 0.4) (end 0.8 -0.4) (layer B.Fab) (width 0.1))
    (fp_line (start 0.8 -0.4) (end -0.8 -0.4) (layer B.Fab) (width 0.1))
    (fp_line (start -0.162779 0.51) (end 0.162779 0.51) (layer B.SilkS) (width 0.12))
    (fp_line (start -0.162779 -0.51) (end 0.162779 -0.51) (layer B.SilkS) (width 0.12))
    (fp_line (start -1.48 -0.73) (end -1.48 0.73) (layer B.CrtYd) (width 0.05))
    (fp_line (start -1.48 0.73) (end 1.48 0.73) (layer B.CrtYd) (width 0.05))
    (fp_line (start 1.48 0.73) (end 1.48 -0.73) (layer B.CrtYd) (width 0.05))
    (fp_line (start 1.48 -0.73) (end -1.48 -0.73) (layer B.CrtYd) (width 0.05))
    (fp_text user %R (at 0 0) (layer B.Fab)
      (effects (font (size 0.4 0.4) (thickness 0.06)) (justify mirror))
    )
    (pad 1 smd roundrect (at -0.7875 0 180) (size 0.875 0.95) (layers B.Cu B.Paste B.Mask) (roundrect_rratio 0.25)
      (net 7 "Net-(C9-Pad1)"))
    (pad 2 smd roundrect (at 0.7875 0 180) (size 0.875 0.95) (layers B.Cu B.Paste B.Mask) (roundrect_rratio 0.25)
      (net 1 GND))
    (model ${KISYS3DMOD}/Capacitor_SMD.3dshapes/C_0603_1608Metric.wrl
      (at (xyz 0 0 0))
      (scale (xyz 1 1 1))
      (rotate (xyz 0 0 0))
    )
  )

  (module Capacitor_SMD:C_0603_1608Metric (layer B.Cu) (tedit 5B301BBE) (tstamp 5EF7CE05)
    (at 104.25 123.75)
    (descr "Capacitor SMD 0603 (1608 Metric), square (rectangular) end terminal, IPC_7351 nominal, (Body size source: http://www.tortai-tech.com/upload/download/2011102023233369053.pdf), generated with kicad-footprint-generator")
    (tags capacitor)
    (path /5E43E1E6)
    (attr smd)
    (fp_text reference C10 (at 0 1.43) (layer B.SilkS)
      (effects (font (size 1 1) (thickness 0.15)) (justify mirror))
    )
    (fp_text value 2.2nF (at 0 -1.43) (layer B.Fab)
      (effects (font (size 1 1) (thickness 0.15)) (justify mirror))
    )
    (fp_text user %R (at 0 0) (layer B.Fab)
      (effects (font (size 0.4 0.4) (thickness 0.06)) (justify mirror))
    )
    (fp_line (start 1.48 -0.73) (end -1.48 -0.73) (layer B.CrtYd) (width 0.05))
    (fp_line (start 1.48 0.73) (end 1.48 -0.73) (layer B.CrtYd) (width 0.05))
    (fp_line (start -1.48 0.73) (end 1.48 0.73) (layer B.CrtYd) (width 0.05))
    (fp_line (start -1.48 -0.73) (end -1.48 0.73) (layer B.CrtYd) (width 0.05))
    (fp_line (start -0.162779 -0.51) (end 0.162779 -0.51) (layer B.SilkS) (width 0.12))
    (fp_line (start -0.162779 0.51) (end 0.162779 0.51) (layer B.SilkS) (width 0.12))
    (fp_line (start 0.8 -0.4) (end -0.8 -0.4) (layer B.Fab) (width 0.1))
    (fp_line (start 0.8 0.4) (end 0.8 -0.4) (layer B.Fab) (width 0.1))
    (fp_line (start -0.8 0.4) (end 0.8 0.4) (layer B.Fab) (width 0.1))
    (fp_line (start -0.8 -0.4) (end -0.8 0.4) (layer B.Fab) (width 0.1))
    (pad 2 smd roundrect (at 0.7875 0) (size 0.875 0.95) (layers B.Cu B.Paste B.Mask) (roundrect_rratio 0.25)
      (net 1 GND))
    (pad 1 smd roundrect (at -0.7875 0) (size 0.875 0.95) (layers B.Cu B.Paste B.Mask) (roundrect_rratio 0.25)
      (net 8 "Net-(C10-Pad1)"))
    (model ${KISYS3DMOD}/Capacitor_SMD.3dshapes/C_0603_1608Metric.wrl
      (at (xyz 0 0 0))
      (scale (xyz 1 1 1))
      (rotate (xyz 0 0 0))
    )
  )

  (module Capacitor_SMD:C_0603_1608Metric (layer F.Cu) (tedit 5B301BBE) (tstamp 5EF7CE16)
    (at 102.55 108.75)
    (descr "Capacitor SMD 0603 (1608 Metric), square (rectangular) end terminal, IPC_7351 nominal, (Body size source: http://www.tortai-tech.com/upload/download/2011102023233369053.pdf), generated with kicad-footprint-generator")
    (tags capacitor)
    (path /5E8F5D5D)
    (attr smd)
    (fp_text reference C11 (at 3 -0.25) (layer F.SilkS)
      (effects (font (size 1 1) (thickness 0.15)))
    )
    (fp_text value 100nF (at 0 1.43) (layer F.Fab)
      (effects (font (size 1 1) (thickness 0.15)))
    )
    (fp_text user %R (at 0 0) (layer F.Fab)
      (effects (font (size 0.4 0.4) (thickness 0.06)))
    )
    (fp_line (start 1.48 0.73) (end -1.48 0.73) (layer F.CrtYd) (width 0.05))
    (fp_line (start 1.48 -0.73) (end 1.48 0.73) (layer F.CrtYd) (width 0.05))
    (fp_line (start -1.48 -0.73) (end 1.48 -0.73) (layer F.CrtYd) (width 0.05))
    (fp_line (start -1.48 0.73) (end -1.48 -0.73) (layer F.CrtYd) (width 0.05))
    (fp_line (start -0.162779 0.51) (end 0.162779 0.51) (layer F.SilkS) (width 0.12))
    (fp_line (start -0.162779 -0.51) (end 0.162779 -0.51) (layer F.SilkS) (width 0.12))
    (fp_line (start 0.8 0.4) (end -0.8 0.4) (layer F.Fab) (width 0.1))
    (fp_line (start 0.8 -0.4) (end 0.8 0.4) (layer F.Fab) (width 0.1))
    (fp_line (start -0.8 -0.4) (end 0.8 -0.4) (layer F.Fab) (width 0.1))
    (fp_line (start -0.8 0.4) (end -0.8 -0.4) (layer F.Fab) (width 0.1))
    (pad 2 smd roundrect (at 0.7875 0) (size 0.875 0.95) (layers F.Cu F.Paste F.Mask) (roundrect_rratio 0.25)
      (net 1 GND))
    (pad 1 smd roundrect (at -0.7875 0) (size 0.875 0.95) (layers F.Cu F.Paste F.Mask) (roundrect_rratio 0.25)
      (net 6 +3V3))
    (model ${KISYS3DMOD}/Capacitor_SMD.3dshapes/C_0603_1608Metric.wrl
      (at (xyz 0 0 0))
      (scale (xyz 1 1 1))
      (rotate (xyz 0 0 0))
    )
  )

  (module Capacitor_SMD:C_0603_1608Metric (layer F.Cu) (tedit 5B301BBE) (tstamp 5EF7CE27)
    (at 102.55 110.395001)
    (descr "Capacitor SMD 0603 (1608 Metric), square (rectangular) end terminal, IPC_7351 nominal, (Body size source: http://www.tortai-tech.com/upload/download/2011102023233369053.pdf), generated with kicad-footprint-generator")
    (tags capacitor)
    (path /5E8FB387)
    (attr smd)
    (fp_text reference C12 (at 3 -0.145001) (layer F.SilkS)
      (effects (font (size 1 1) (thickness 0.15)))
    )
    (fp_text value 10yF (at 0 1.43) (layer F.Fab)
      (effects (font (size 1 1) (thickness 0.15)))
    )
    (fp_line (start -0.8 0.4) (end -0.8 -0.4) (layer F.Fab) (width 0.1))
    (fp_line (start -0.8 -0.4) (end 0.8 -0.4) (layer F.Fab) (width 0.1))
    (fp_line (start 0.8 -0.4) (end 0.8 0.4) (layer F.Fab) (width 0.1))
    (fp_line (start 0.8 0.4) (end -0.8 0.4) (layer F.Fab) (width 0.1))
    (fp_line (start -0.162779 -0.51) (end 0.162779 -0.51) (layer F.SilkS) (width 0.12))
    (fp_line (start -0.162779 0.51) (end 0.162779 0.51) (layer F.SilkS) (width 0.12))
    (fp_line (start -1.48 0.73) (end -1.48 -0.73) (layer F.CrtYd) (width 0.05))
    (fp_line (start -1.48 -0.73) (end 1.48 -0.73) (layer F.CrtYd) (width 0.05))
    (fp_line (start 1.48 -0.73) (end 1.48 0.73) (layer F.CrtYd) (width 0.05))
    (fp_line (start 1.48 0.73) (end -1.48 0.73) (layer F.CrtYd) (width 0.05))
    (fp_text user %R (at 0 0) (layer F.Fab)
      (effects (font (size 0.4 0.4) (thickness 0.06)))
